Step,Observation,Action,Reasoning,Reward,Done
0,"Active rules:
wall is stop
baba is you

Objects on the map:
rule `wall` 3 step to the left and 4 step up
rule `is` 2 step to the left and 4 step up
rule `stop` 1 step to the left and 4 step up
wall 2 steps to the right and 4 step up
rule `is` 6 steps to the right and 4 step up
rule `win` 7 steps to the right and 4 step up
wall 2 steps to the right and 3 step up
ball 4 steps to the right and 3 step up
key 6 steps to the right and 3 step up
rule `key` 2 step to the left and 2 step up
wall 2 steps to the right and 2 step up
wall 2 steps to the right and 1 step up
rule `ball` 4 steps to the right and 1 step up
wall 2 steps to the right
rule `baba` 3 step to the left and 1 step down
rule `is` 2 step to the left and 1 step down
rule `you` 1 step to the left and 1 step down
wall 2 steps to the right and 1 step down
wall 2 steps to the right and 2 steps down",right,,0,False
1,"Active rules:
wall is stop
baba is you

Objects on the map:
rule `wall` 4 step to the left and 4 step up
rule `is` 3 step to the left and 4 step up
rule `stop` 2 step to the left and 4 step up
wall 1 step to the right and 4 step up
rule `is` 5 steps to the right and 4 step up
rule `win` 6 steps to the right and 4 step up
wall 1 step to the right and 3 step up
ball 3 steps to the right and 3 step up
key 5 steps to the right and 3 step up
rule `key` 3 step to the left and 2 step up
wall 1 step to the right and 2 step up
wall 1 step to the right and 1 step up
rule `ball` 3 steps to the right and 1 step up
wall 1 step to the right
rule `baba` 4 step to the left and 1 step down
rule `is` 3 step to the left and 1 step down
rule `you` 2 step to the left and 1 step down
wall 1 step to the right and 1 step down
wall 1 step to the right and 2 steps down",right,,0,False
2,"Active rules:
wall is stop
baba is you

Objects on the map:
rule `wall` 4 step to the left and 4 step up
rule `is` 3 step to the left and 4 step up
rule `stop` 2 step to the left and 4 step up
wall 1 step to the right and 4 step up
rule `is` 5 steps to the right and 4 step up
rule `win` 6 steps to the right and 4 step up
wall 1 step to the right and 3 step up
ball 3 steps to the right and 3 step up
key 5 steps to the right and 3 step up
rule `key` 3 step to the left and 2 step up
wall 1 step to the right and 2 step up
wall 1 step to the right and 1 step up
rule `ball` 3 steps to the right and 1 step up
wall 1 step to the right
rule `baba` 4 step to the left and 1 step down
rule `is` 3 step to the left and 1 step down
rule `you` 2 step to the left and 1 step down
wall 1 step to the right and 1 step down
wall 1 step to the right and 2 steps down",right,,0,False
3,"Active rules:
wall is stop
baba is you

Objects on the map:
rule `wall` 4 step to the left and 3 step up
rule `is` 3 step to the left and 3 step up
rule `stop` 2 step to the left and 3 step up
wall 1 step to the right and 3 step up
rule `is` 5 steps to the right and 3 step up
rule `win` 6 steps to the right and 3 step up
wall 1 step to the right and 2 step up
ball 3 steps to the right and 2 step up
key 5 steps to the right and 2 step up
rule `key` 3 step to the left and 1 step up
wall 1 step to the right and 1 step up
wall 1 step to the right
rule `ball` 3 steps to the right
wall 1 step to the right and 1 step down
rule `baba` 4 step to the left and 2 steps down
rule `is` 3 step to the left and 2 steps down
rule `you` 2 step to the left and 2 steps down
wall 1 step to the right and 2 steps down
wall 1 step to the right and 3 steps down",up,,0,False
4,"Active rules:
wall is stop
baba is you

Objects on the map:
rule `wall` 4 step to the left and 2 step up
rule `is` 3 step to the left and 2 step up
rule `stop` 2 step to the left and 2 step up
wall 1 step to the right and 2 step up
rule `is` 5 steps to the right and 2 step up
rule `win` 6 steps to the right and 2 step up
wall 1 step to the right and 1 step up
ball 3 steps to the right and 1 step up
key 5 steps to the right and 1 step up
rule `key` 3 step to the left
wall 1 step to the right
wall 1 step to the right and 1 step down
rule `ball` 3 steps to the right and 1 step down
wall 1 step to the right and 2 steps down
rule `baba` 4 step to the left and 3 steps down
rule `is` 3 step to the left and 3 steps down
rule `you` 2 step to the left and 3 steps down
wall 1 step to the right and 3 steps down
wall 1 step to the right and 4 steps down",up,,0,False
5,"Active rules:
wall is stop
baba is you

Objects on the map:
rule `wall` 4 step to the left and 2 step up
rule `is` 3 step to the left and 2 step up
rule `stop` 2 step to the left and 2 step up
wall 1 step to the right and 2 step up
rule `is` 5 steps to the right and 2 step up
rule `win` 6 steps to the right and 2 step up
wall 1 step to the right and 1 step up
ball 3 steps to the right and 1 step up
key 5 steps to the right and 1 step up
rule `key` 3 step to the left
wall 1 step to the right
wall 1 step to the right and 1 step down
rule `ball` 3 steps to the right and 1 step down
wall 1 step to the right and 2 steps down
rule `baba` 4 step to the left and 3 steps down
rule `is` 3 step to the left and 3 steps down
rule `you` 2 step to the left and 3 steps down
wall 1 step to the right and 3 steps down
wall 1 step to the right and 4 steps down",right,,0,False
6,"Active rules:
wall is stop
baba is you

Objects on the map:
rule `wall` 4 step to the left and 2 step up
rule `is` 3 step to the left and 2 step up
rule `stop` 2 step to the left and 2 step up
wall 1 step to the right and 2 step up
rule `is` 5 steps to the right and 2 step up
rule `win` 6 steps to the right and 2 step up
wall 1 step to the right and 1 step up
ball 3 steps to the right and 1 step up
key 5 steps to the right and 1 step up
rule `key` 3 step to the left
wall 1 step to the right
wall 1 step to the right and 1 step down
rule `ball` 3 steps to the right and 1 step down
wall 1 step to the right and 2 steps down
rule `baba` 4 step to the left and 3 steps down
rule `is` 3 step to the left and 3 steps down
rule `you` 2 step to the left and 3 steps down
wall 1 step to the right and 3 steps down
wall 1 step to the right and 4 steps down",right,,0,False
7,"Active rules:
wall is stop
baba is you

Objects on the map:
rule `wall` 4 step to the left and 1 step up
rule `is` 3 step to the left and 1 step up
rule `stop` 2 step to the left and 1 step up
wall 1 step to the right and 1 step up
rule `is` 5 steps to the right and 1 step up
rule `win` 6 steps to the right and 1 step up
wall 1 step to the right
ball 3 steps to the right
key 5 steps to the right
rule `key` 3 step to the left and 1 step down
wall 1 step to the right and 1 step down
wall 1 step to the right and 2 steps down
rule `ball` 3 steps to the right and 2 steps down
wall 1 step to the right and 3 steps down
rule `baba` 4 step to the left and 4 steps down
rule `is` 3 step to the left and 4 steps down
rule `you` 2 step to the left and 4 steps down
wall 1 step to the right and 4 steps down
wall 1 step to the right and 5 steps down",up,,0,False
8,"Active rules:
wall is stop
baba is you

Objects on the map:
rule `wall` 4 step to the left and 1 step up
rule `is` 3 step to the left and 1 step up
rule `stop` 2 step to the left and 1 step up
wall 1 step to the right and 1 step up
rule `is` 5 steps to the right and 1 step up
rule `win` 6 steps to the right and 1 step up
wall 1 step to the right
ball 3 steps to the right
key 5 steps to the right
rule `key` 3 step to the left and 1 step down
wall 1 step to the right and 1 step down
wall 1 step to the right and 2 steps down
rule `ball` 3 steps to the right and 2 steps down
wall 1 step to the right and 3 steps down
rule `baba` 4 step to the left and 4 steps down
rule `is` 3 step to the left and 4 steps down
rule `you` 2 step to the left and 4 steps down
wall 1 step to the right and 4 steps down
wall 1 step to the right and 5 steps down",right,,0,False
9,"Active rules:
wall is stop
baba is you

Objects on the map:
rule `wall` 4 step to the left and 1 step up
rule `is` 3 step to the left and 1 step up
rule `stop` 2 step to the left and 1 step up
wall 1 step to the right and 1 step up
rule `is` 5 steps to the right and 1 step up
rule `win` 6 steps to the right and 1 step up
wall 1 step to the right
ball 3 steps to the right
key 5 steps to the right
rule `key` 3 step to the left and 1 step down
wall 1 step to the right and 1 step down
wall 1 step to the right and 2 steps down
rule `ball` 3 steps to the right and 2 steps down
wall 1 step to the right and 3 steps down
rule `baba` 4 step to the left and 4 steps down
rule `is` 3 step to the left and 4 steps down
rule `you` 2 step to the left and 4 steps down
wall 1 step to the right and 4 steps down
wall 1 step to the right and 5 steps down",right,,0,False
10,"Active rules:
wall is stop
baba is you

Objects on the map:
rule `wall` 4 step to the left and 1 step up
rule `is` 3 step to the left and 1 step up
rule `stop` 2 step to the left and 1 step up
wall 1 step to the right and 1 step up
rule `is` 5 steps to the right and 1 step up
rule `win` 6 steps to the right and 1 step up
wall 1 step to the right
ball 3 steps to the right
key 5 steps to the right
rule `key` 3 step to the left and 1 step down
wall 1 step to the right and 1 step down
wall 1 step to the right and 2 steps down
rule `ball` 3 steps to the right and 2 steps down
wall 1 step to the right and 3 steps down
rule `baba` 4 step to the left and 4 steps down
rule `is` 3 step to the left and 4 steps down
rule `you` 2 step to the left and 4 steps down
wall 1 step to the right and 4 steps down
wall 1 step to the right and 5 steps down",right,,0,False
11,"Active rules:
wall is stop
baba is you

Objects on the map:
rule `wall` 4 step to the left and 1 step up
rule `is` 3 step to the left and 1 step up
rule `stop` 2 step to the left and 1 step up
wall 1 step to the right and 1 step up
rule `is` 5 steps to the right and 1 step up
rule `win` 6 steps to the right and 1 step up
wall 1 step to the right
ball 3 steps to the right
key 5 steps to the right
rule `key` 3 step to the left and 1 step down
wall 1 step to the right and 1 step down
wall 1 step to the right and 2 steps down
rule `ball` 3 steps to the right and 2 steps down
wall 1 step to the right and 3 steps down
rule `baba` 4 step to the left and 4 steps down
rule `is` 3 step to the left and 4 steps down
rule `you` 2 step to the left and 4 steps down
wall 1 step to the right and 4 steps down
wall 1 step to the right and 5 steps down",right,,0,False
12,"Active rules:
wall is stop
baba is you

Objects on the map:
rule `wall` 4 step to the left
rule `is` 3 step to the left
rule `stop` 2 step to the left
wall 1 step to the right
rule `is` 5 steps to the right
rule `win` 6 steps to the right
wall 1 step to the right and 1 step down
ball 3 steps to the right and 1 step down
key 5 steps to the right and 1 step down
rule `key` 3 step to the left and 2 steps down
wall 1 step to the right and 2 steps down
wall 1 step to the right and 3 steps down
rule `ball` 3 steps to the right and 3 steps down
wall 1 step to the right and 4 steps down
rule `baba` 4 step to the left and 5 steps down
rule `is` 3 step to the left and 5 steps down
rule `you` 2 step to the left and 5 steps down
wall 1 step to the right and 5 steps down
wall 1 step to the right and 6 steps down",up,,0,False
13,"Active rules:
wall is stop
baba is you

Objects on the map:
rule `wall` 4 step to the left
rule `is` 3 step to the left
rule `stop` 2 step to the left
wall 1 step to the right
rule `is` 5 steps to the right
rule `win` 6 steps to the right
wall 1 step to the right and 1 step down
ball 3 steps to the right and 1 step down
key 5 steps to the right and 1 step down
rule `key` 3 step to the left and 2 steps down
wall 1 step to the right and 2 steps down
wall 1 step to the right and 3 steps down
rule `ball` 3 steps to the right and 3 steps down
wall 1 step to the right and 4 steps down
rule `baba` 4 step to the left and 5 steps down
rule `is` 3 step to the left and 5 steps down
rule `you` 2 step to the left and 5 steps down
wall 1 step to the right and 5 steps down
wall 1 step to the right and 6 steps down",right,,0,False
14,"Active rules:
wall is stop
baba is you

Objects on the map:
rule `wall` 4 step to the left
rule `is` 3 step to the left
rule `stop` 2 step to the left
wall 1 step to the right
rule `is` 5 steps to the right
rule `win` 6 steps to the right
wall 1 step to the right and 1 step down
ball 3 steps to the right and 1 step down
key 5 steps to the right and 1 step down
rule `key` 3 step to the left and 2 steps down
wall 1 step to the right and 2 steps down
wall 1 step to the right and 3 steps down
rule `ball` 3 steps to the right and 3 steps down
wall 1 step to the right and 4 steps down
rule `baba` 4 step to the left and 5 steps down
rule `is` 3 step to the left and 5 steps down
rule `you` 2 step to the left and 5 steps down
wall 1 step to the right and 5 steps down
wall 1 step to the right and 6 steps down",right,,0,False
15,"Active rules:
wall is stop
baba is you

Objects on the map:
rule `wall` 4 step to the left
rule `is` 3 step to the left
rule `stop` 2 step to the left
wall 1 step to the right
rule `is` 5 steps to the right
rule `win` 6 steps to the right
wall 1 step to the right and 1 step down
ball 3 steps to the right and 1 step down
key 5 steps to the right and 1 step down
rule `key` 3 step to the left and 2 steps down
wall 1 step to the right and 2 steps down
wall 1 step to the right and 3 steps down
rule `ball` 3 steps to the right and 3 steps down
wall 1 step to the right and 4 steps down
rule `baba` 4 step to the left and 5 steps down
rule `is` 3 step to the left and 5 steps down
rule `you` 2 step to the left and 5 steps down
wall 1 step to the right and 5 steps down
wall 1 step to the right and 6 steps down",right,,0,False
16,"Active rules:
wall is stop
baba is you

Objects on the map:
rule `wall` 4 step to the left
rule `is` 3 step to the left
rule `stop` 2 step to the left
wall 1 step to the right
rule `is` 5 steps to the right
rule `win` 6 steps to the right
wall 1 step to the right and 1 step down
ball 3 steps to the right and 1 step down
key 5 steps to the right and 1 step down
rule `key` 3 step to the left and 2 steps down
wall 1 step to the right and 2 steps down
wall 1 step to the right and 3 steps down
rule `ball` 3 steps to the right and 3 steps down
wall 1 step to the right and 4 steps down
rule `baba` 4 step to the left and 5 steps down
rule `is` 3 step to the left and 5 steps down
rule `you` 2 step to the left and 5 steps down
wall 1 step to the right and 5 steps down
wall 1 step to the right and 6 steps down",right,,0,False
17,"Active rules:
wall is stop
baba is you

Objects on the map:
rule `wall` 4 step to the left and 1 step up
rule `is` 3 step to the left and 1 step up
rule `stop` 2 step to the left and 1 step up
wall 1 step to the right and 1 step up
rule `is` 5 steps to the right and 1 step up
rule `win` 6 steps to the right and 1 step up
wall 1 step to the right
ball 3 steps to the right
key 5 steps to the right
rule `key` 3 step to the left and 1 step down
wall 1 step to the right and 1 step down
wall 1 step to the right and 2 steps down
rule `ball` 3 steps to the right and 2 steps down
wall 1 step to the right and 3 steps down
rule `baba` 4 step to the left and 4 steps down
rule `is` 3 step to the left and 4 steps down
rule `you` 2 step to the left and 4 steps down
wall 1 step to the right and 4 steps down
wall 1 step to the right and 5 steps down",down,,0,False
18,"Active rules:
wall is stop
baba is you

Objects on the map:
rule `wall` 4 step to the left and 2 step up
rule `is` 3 step to the left and 2 step up
rule `stop` 2 step to the left and 2 step up
wall 1 step to the right and 2 step up
rule `is` 5 steps to the right and 2 step up
rule `win` 6 steps to the right and 2 step up
wall 1 step to the right and 1 step up
ball 3 steps to the right and 1 step up
key 5 steps to the right and 1 step up
rule `key` 3 step to the left
wall 1 step to the right
wall 1 step to the right and 1 step down
rule `ball` 3 steps to the right and 1 step down
wall 1 step to the right and 2 steps down
rule `baba` 4 step to the left and 3 steps down
rule `is` 3 step to the left and 3 steps down
rule `you` 2 step to the left and 3 steps down
wall 1 step to the right and 3 steps down
wall 1 step to the right and 4 steps down",down,,0,False
19,"Active rules:
wall is stop
baba is you

Objects on the map:
rule `wall` 3 step to the left and 2 step up
rule `is` 2 step to the left and 2 step up
rule `stop` 1 step to the left and 2 step up
wall 2 steps to the right and 2 step up
rule `is` 6 steps to the right and 2 step up
rule `win` 7 steps to the right and 2 step up
wall 2 steps to the right and 1 step up
ball 4 steps to the right and 1 step up
key 6 steps to the right and 1 step up
rule `key` 2 step to the left
wall 2 steps to the right
wall 2 steps to the right and 1 step down
rule `ball` 4 steps to the right and 1 step down
wall 2 steps to the right and 2 steps down
rule `baba` 3 step to the left and 3 steps down
rule `is` 2 step to the left and 3 steps down
rule `you` 1 step to the left and 3 steps down
wall 2 steps to the right and 3 steps down
wall 2 steps to the right and 4 steps down",left,,0,False
20,"Active rules:
wall is stop
baba is you

Objects on the map:
rule `wall` 2 step to the left and 2 step up
rule `is` 1 step to the left and 2 step up
rule `stop` 2 step up
wall 3 steps to the right and 2 step up
rule `is` 7 steps to the right and 2 step up
rule `win` 8 steps to the right and 2 step up
wall 3 steps to the right and 1 step up
ball 5 steps to the right and 1 step up
key 7 steps to the right and 1 step up
rule `key` 1 step to the left
wall 3 steps to the right
wall 3 steps to the right and 1 step down
rule `ball` 5 steps to the right and 1 step down
wall 3 steps to the right and 2 steps down
rule `baba` 2 step to the left and 3 steps down
rule `is` 1 step to the left and 3 steps down
rule `you` 3 steps down
wall 3 steps to the right and 3 steps down
wall 3 steps to the right and 4 steps down",left,,0,False
21,"Active rules:
wall is stop
baba is you

Objects on the map:
rule `wall` 1 step to the left and 2 step up
rule `is` 2 step up
rule `stop` 1 step to the right and 2 step up
wall 4 steps to the right and 2 step up
rule `is` 8 steps to the right and 2 step up
rule `win` 9 steps to the right and 2 step up
wall 4 steps to the right and 1 step up
ball 6 steps to the right and 1 step up
key 8 steps to the right and 1 step up
rule `key` 1 step to the left
wall 4 steps to the right
wall 4 steps to the right and 1 step down
rule `ball` 6 steps to the right and 1 step down
wall 4 steps to the right and 2 steps down
rule `baba` 1 step to the left and 3 steps down
rule `is` 3 steps down
rule `you` 1 step to the right and 3 steps down
wall 4 steps to the right and 3 steps down
wall 4 steps to the right and 4 steps down",left,,0,False
22,"Active rules:
wall is stop
baba is you

Objects on the map:
rule `wall` 1 step to the left and 3 step up
rule `is` 3 step up
rule `stop` 1 step to the right and 3 step up
wall 4 steps to the right and 3 step up
rule `is` 8 steps to the right and 3 step up
rule `win` 9 steps to the right and 3 step up
wall 4 steps to the right and 2 step up
ball 6 steps to the right and 2 step up
key 8 steps to the right and 2 step up
rule `key` 1 step to the left and 1 step up
wall 4 steps to the right and 1 step up
wall 4 steps to the right
rule `ball` 6 steps to the right
wall 4 steps to the right and 1 step down
rule `baba` 1 step to the left and 2 steps down
rule `is` 2 steps down
rule `you` 1 step to the right and 2 steps down
wall 4 steps to the right and 2 steps down
wall 4 steps to the right and 3 steps down",down,,0,False
23,"Active rules:
wall is stop
baba is you

Objects on the map:
rule `wall` 3 step up
rule `is` 1 step to the right and 3 step up
rule `stop` 2 steps to the right and 3 step up
wall 5 steps to the right and 3 step up
rule `is` 9 steps to the right and 3 step up
rule `win` 10 steps to the right and 3 step up
wall 5 steps to the right and 2 step up
ball 7 steps to the right and 2 step up
key 9 steps to the right and 2 step up
rule `key` 1 step up
wall 5 steps to the right and 1 step up
wall 5 steps to the right
rule `ball` 7 steps to the right
wall 5 steps to the right and 1 step down
rule `baba` 2 steps down
rule `is` 1 step to the right and 2 steps down
rule `you` 2 steps to the right and 2 steps down
wall 5 steps to the right and 2 steps down
wall 5 steps to the right and 3 steps down",left,,0,False
24,"Active rules:
wall is stop
baba is you

Objects on the map:
rule `wall` 3 step up
rule `is` 1 step to the right and 3 step up
rule `stop` 2 steps to the right and 3 step up
wall 5 steps to the right and 3 step up
rule `is` 9 steps to the right and 3 step up
rule `win` 10 steps to the right and 3 step up
wall 5 steps to the right and 2 step up
ball 7 steps to the right and 2 step up
key 9 steps to the right and 2 step up
rule `key` 1 step up
wall 5 steps to the right and 1 step up
wall 5 steps to the right
rule `ball` 7 steps to the right
wall 5 steps to the right and 1 step down
rule `baba` 2 steps down
rule `is` 1 step to the right and 2 steps down
rule `you` 2 steps to the right and 2 steps down
wall 5 steps to the right and 2 steps down
wall 5 steps to the right and 3 steps down",left,,0,False
25,"Active rules:
wall is stop
baba is you

Objects on the map:
rule `wall` 2 step up
rule `is` 1 step to the right and 2 step up
rule `stop` 2 steps to the right and 2 step up
wall 5 steps to the right and 2 step up
rule `is` 9 steps to the right and 2 step up
rule `win` 10 steps to the right and 2 step up
rule `key` 1 step up
wall 5 steps to the right and 1 step up
ball 7 steps to the right and 1 step up
key 9 steps to the right and 1 step up
wall 5 steps to the right
wall 5 steps to the right and 1 step down
rule `ball` 7 steps to the right and 1 step down
wall 5 steps to the right and 2 steps down
rule `baba` 3 steps down
rule `is` 1 step to the right and 3 steps down
rule `you` 2 steps to the right and 3 steps down
wall 5 steps to the right and 3 steps down
wall 5 steps to the right and 4 steps down",up,,0,False
26,"Active rules:
wall is stop
baba is you

Objects on the map:
rule `wall` 2 step up
rule `is` 1 step to the right and 2 step up
rule `stop` 2 steps to the right and 2 step up
wall 5 steps to the right and 2 step up
rule `is` 9 steps to the right and 2 step up
rule `win` 10 steps to the right and 2 step up
rule `key` 1 step up
wall 5 steps to the right and 1 step up
ball 7 steps to the right and 1 step up
key 9 steps to the right and 1 step up
wall 5 steps to the right
wall 5 steps to the right and 1 step down
rule `ball` 7 steps to the right and 1 step down
wall 5 steps to the right and 2 steps down
rule `baba` 3 steps down
rule `is` 1 step to the right and 3 steps down
rule `you` 2 steps to the right and 3 steps down
wall 5 steps to the right and 3 steps down
wall 5 steps to the right and 4 steps down",up,,0,False
27,"Active rules:
wall is stop
baba is you

Objects on the map:
rule `wall` 1 step to the left and 2 step up
rule `is` 2 step up
rule `stop` 1 step to the right and 2 step up
wall 4 steps to the right and 2 step up
rule `is` 8 steps to the right and 2 step up
rule `win` 9 steps to the right and 2 step up
rule `key` 1 step to the left and 1 step up
wall 4 steps to the right and 1 step up
ball 6 steps to the right and 1 step up
key 8 steps to the right and 1 step up
wall 4 steps to the right
wall 4 steps to the right and 1 step down
rule `ball` 6 steps to the right and 1 step down
wall 4 steps to the right and 2 steps down
rule `baba` 1 step to the left and 3 steps down
rule `is` 3 steps down
rule `you` 1 step to the right and 3 steps down
wall 4 steps to the right and 3 steps down
wall 4 steps to the right and 4 steps down",right,,0,False
28,"Active rules:
wall is stop
baba is you

Objects on the map:
rule `wall` 2 step to the left and 2 step up
rule `is` 1 step to the left and 2 step up
rule `stop` 2 step up
wall 3 steps to the right and 2 step up
rule `is` 7 steps to the right and 2 step up
rule `win` 8 steps to the right and 2 step up
rule `key` 2 step to the left and 1 step up
wall 3 steps to the right and 1 step up
ball 5 steps to the right and 1 step up
key 7 steps to the right and 1 step up
wall 3 steps to the right
wall 3 steps to the right and 1 step down
rule `ball` 5 steps to the right and 1 step down
wall 3 steps to the right and 2 steps down
rule `baba` 2 step to the left and 3 steps down
rule `is` 1 step to the left and 3 steps down
rule `you` 3 steps down
wall 3 steps to the right and 3 steps down
wall 3 steps to the right and 4 steps down",right,,0,False
29,"Active rules:
wall is stop
baba is you

Objects on the map:
rule `wall` 3 step to the left and 2 step up
rule `is` 2 step to the left and 2 step up
rule `stop` 1 step to the left and 2 step up
wall 2 steps to the right and 2 step up
rule `is` 6 steps to the right and 2 step up
rule `win` 7 steps to the right and 2 step up
rule `key` 3 step to the left and 1 step up
wall 2 steps to the right and 1 step up
ball 4 steps to the right and 1 step up
key 6 steps to the right and 1 step up
wall 2 steps to the right
wall 2 steps to the right and 1 step down
rule `ball` 4 steps to the right and 1 step down
wall 2 steps to the right and 2 steps down
rule `baba` 3 step to the left and 3 steps down
rule `is` 2 step to the left and 3 steps down
rule `you` 1 step to the left and 3 steps down
wall 2 steps to the right and 3 steps down
wall 2 steps to the right and 4 steps down",right,,0,False
30,"Active rules:
wall is stop
baba is you

Objects on the map:
rule `wall` 3 step to the left and 1 step up
rule `is` 2 step to the left and 1 step up
rule `stop` 1 step to the left and 1 step up
wall 2 steps to the right and 1 step up
rule `is` 6 steps to the right and 1 step up
rule `win` 7 steps to the right and 1 step up
rule `key` 3 step to the left
wall 2 steps to the right
ball 4 steps to the right
key 6 steps to the right
wall 2 steps to the right and 1 step down
wall 2 steps to the right and 2 steps down
rule `ball` 4 steps to the right and 2 steps down
wall 2 steps to the right and 3 steps down
rule `baba` 3 step to the left and 4 steps down
rule `is` 2 step to the left and 4 steps down
rule `you` 1 step to the left and 4 steps down
wall 2 steps to the right and 4 steps down
wall 2 steps to the right and 5 steps down",up,,0,False
31,"Active rules:
wall is stop
baba is you

Objects on the map:
rule `wall` 4 step to the left and 1 step up
rule `is` 3 step to the left and 1 step up
rule `stop` 2 step to the left and 1 step up
wall 1 step to the right and 1 step up
rule `is` 5 steps to the right and 1 step up
rule `win` 6 steps to the right and 1 step up
rule `key` 4 step to the left
wall 1 step to the right
ball 3 steps to the right
key 5 steps to the right
wall 1 step to the right and 1 step down
wall 1 step to the right and 2 steps down
rule `ball` 3 steps to the right and 2 steps down
wall 1 step to the right and 3 steps down
rule `baba` 4 step to the left and 4 steps down
rule `is` 3 step to the left and 4 steps down
rule `you` 2 step to the left and 4 steps down
wall 1 step to the right and 4 steps down
wall 1 step to the right and 5 steps down",right,,0,False
32,"Active rules:
wall is stop
baba is you

Objects on the map:
rule `wall` 4 step to the left and 1 step up
rule `is` 3 step to the left and 1 step up
rule `stop` 2 step to the left and 1 step up
wall 1 step to the right and 1 step up
rule `is` 5 steps to the right and 1 step up
rule `win` 6 steps to the right and 1 step up
rule `key` 4 step to the left
wall 1 step to the right
ball 3 steps to the right
key 5 steps to the right
wall 1 step to the right and 1 step down
wall 1 step to the right and 2 steps down
rule `ball` 3 steps to the right and 2 steps down
wall 1 step to the right and 3 steps down
rule `baba` 4 step to the left and 4 steps down
rule `is` 3 step to the left and 4 steps down
rule `you` 2 step to the left and 4 steps down
wall 1 step to the right and 4 steps down
wall 1 step to the right and 5 steps down",right,,0,False
33,"Active rules:
wall is stop
baba is you

Objects on the map:
rule `wall` 4 step to the left and 1 step up
rule `is` 3 step to the left and 1 step up
rule `stop` 2 step to the left and 1 step up
wall 1 step to the right and 1 step up
rule `is` 5 steps to the right and 1 step up
rule `win` 6 steps to the right and 1 step up
rule `key` 4 step to the left
wall 1 step to the right
ball 3 steps to the right
key 5 steps to the right
wall 1 step to the right and 1 step down
wall 1 step to the right and 2 steps down
rule `ball` 3 steps to the right and 2 steps down
wall 1 step to the right and 3 steps down
rule `baba` 4 step to the left and 4 steps down
rule `is` 3 step to the left and 4 steps down
rule `you` 2 step to the left and 4 steps down
wall 1 step to the right and 4 steps down
wall 1 step to the right and 5 steps down",right,,0,False
34,"Active rules:
wall is stop
baba is you

Objects on the map:
rule `wall` 4 step to the left and 1 step up
rule `is` 3 step to the left and 1 step up
rule `stop` 2 step to the left and 1 step up
wall 1 step to the right and 1 step up
rule `is` 5 steps to the right and 1 step up
rule `win` 6 steps to the right and 1 step up
rule `key` 4 step to the left
wall 1 step to the right
ball 3 steps to the right
key 5 steps to the right
wall 1 step to the right and 1 step down
wall 1 step to the right and 2 steps down
rule `ball` 3 steps to the right and 2 steps down
wall 1 step to the right and 3 steps down
rule `baba` 4 step to the left and 4 steps down
rule `is` 3 step to the left and 4 steps down
rule `you` 2 step to the left and 4 steps down
wall 1 step to the right and 4 steps down
wall 1 step to the right and 5 steps down",right,,0,False
35,"Active rules:
wall is stop
baba is you

Objects on the map:
rule `wall` 4 step to the left and 1 step up
rule `is` 3 step to the left and 1 step up
rule `stop` 2 step to the left and 1 step up
wall 1 step to the right and 1 step up
rule `is` 5 steps to the right and 1 step up
rule `win` 6 steps to the right and 1 step up
rule `key` 4 step to the left
wall 1 step to the right
ball 3 steps to the right
key 5 steps to the right
wall 1 step to the right and 1 step down
wall 1 step to the right and 2 steps down
rule `ball` 3 steps to the right and 2 steps down
wall 1 step to the right and 3 steps down
rule `baba` 4 step to the left and 4 steps down
rule `is` 3 step to the left and 4 steps down
rule `you` 2 step to the left and 4 steps down
wall 1 step to the right and 4 steps down
wall 1 step to the right and 5 steps down",right,,0,False
36,"Active rules:
wall is stop
baba is you

Objects on the map:
rule `wall` 4 step to the left
rule `is` 3 step to the left
rule `stop` 2 step to the left
wall 1 step to the right
rule `is` 5 steps to the right
rule `win` 6 steps to the right
rule `key` 4 step to the left and 1 step down
wall 1 step to the right and 1 step down
ball 3 steps to the right and 1 step down
key 5 steps to the right and 1 step down
wall 1 step to the right and 2 steps down
wall 1 step to the right and 3 steps down
rule `ball` 3 steps to the right and 3 steps down
wall 1 step to the right and 4 steps down
rule `baba` 4 step to the left and 5 steps down
rule `is` 3 step to the left and 5 steps down
rule `you` 2 step to the left and 5 steps down
wall 1 step to the right and 5 steps down
wall 1 step to the right and 6 steps down",up,,0,False
37,"Active rules:
wall is stop
baba is you

Objects on the map:
rule `wall` 4 step to the left
rule `is` 3 step to the left
rule `stop` 2 step to the left
wall 1 step to the right
rule `is` 5 steps to the right
rule `win` 6 steps to the right
rule `key` 4 step to the left and 1 step down
wall 1 step to the right and 1 step down
ball 3 steps to the right and 1 step down
key 5 steps to the right and 1 step down
wall 1 step to the right and 2 steps down
wall 1 step to the right and 3 steps down
rule `ball` 3 steps to the right and 3 steps down
wall 1 step to the right and 4 steps down
rule `baba` 4 step to the left and 5 steps down
rule `is` 3 step to the left and 5 steps down
rule `you` 2 step to the left and 5 steps down
wall 1 step to the right and 5 steps down
wall 1 step to the right and 6 steps down",right,,0,False
38,"Active rules:
wall is stop
baba is you

Objects on the map:
rule `wall` 4 step to the left
rule `is` 3 step to the left
rule `stop` 2 step to the left
wall 1 step to the right
rule `is` 5 steps to the right
rule `win` 6 steps to the right
rule `key` 4 step to the left and 1 step down
wall 1 step to the right and 1 step down
ball 3 steps to the right and 1 step down
key 5 steps to the right and 1 step down
wall 1 step to the right and 2 steps down
wall 1 step to the right and 3 steps down
rule `ball` 3 steps to the right and 3 steps down
wall 1 step to the right and 4 steps down
rule `baba` 4 step to the left and 5 steps down
rule `is` 3 step to the left and 5 steps down
rule `you` 2 step to the left and 5 steps down
wall 1 step to the right and 5 steps down
wall 1 step to the right and 6 steps down",right,,0,False
39,"Active rules:
wall is stop
baba is you

Objects on the map:
rule `wall` 4 step to the left
rule `is` 3 step to the left
rule `stop` 2 step to the left
wall 1 step to the right
rule `is` 5 steps to the right
rule `win` 6 steps to the right
rule `key` 4 step to the left and 1 step down
wall 1 step to the right and 1 step down
ball 3 steps to the right and 1 step down
key 5 steps to the right and 1 step down
wall 1 step to the right and 2 steps down
wall 1 step to the right and 3 steps down
rule `ball` 3 steps to the right and 3 steps down
wall 1 step to the right and 4 steps down
rule `baba` 4 step to the left and 5 steps down
rule `is` 3 step to the left and 5 steps down
rule `you` 2 step to the left and 5 steps down
wall 1 step to the right and 5 steps down
wall 1 step to the right and 6 steps down",right,,0,False
40,"Active rules:
wall is stop
baba is you

Objects on the map:
rule `wall` 4 step to the left and 1 step up
rule `is` 3 step to the left and 1 step up
rule `stop` 2 step to the left and 1 step up
wall 1 step to the right and 1 step up
rule `is` 5 steps to the right and 1 step up
rule `win` 6 steps to the right and 1 step up
rule `key` 4 step to the left
wall 1 step to the right
ball 3 steps to the right
key 5 steps to the right
wall 1 step to the right and 1 step down
wall 1 step to the right and 2 steps down
rule `ball` 3 steps to the right and 2 steps down
wall 1 step to the right and 3 steps down
rule `baba` 4 step to the left and 4 steps down
rule `is` 3 step to the left and 4 steps down
rule `you` 2 step to the left and 4 steps down
wall 1 step to the right and 4 steps down
wall 1 step to the right and 5 steps down",down,,0,False
41,"Active rules:
wall is stop
baba is you

Objects on the map:
rule `wall` 4 step to the left and 2 step up
rule `is` 3 step to the left and 2 step up
rule `stop` 2 step to the left and 2 step up
wall 1 step to the right and 2 step up
rule `is` 5 steps to the right and 2 step up
rule `win` 6 steps to the right and 2 step up
rule `key` 4 step to the left and 1 step up
wall 1 step to the right and 1 step up
ball 3 steps to the right and 1 step up
key 5 steps to the right and 1 step up
wall 1 step to the right
wall 1 step to the right and 1 step down
rule `ball` 3 steps to the right and 1 step down
wall 1 step to the right and 2 steps down
rule `baba` 4 step to the left and 3 steps down
rule `is` 3 step to the left and 3 steps down
rule `you` 2 step to the left and 3 steps down
wall 1 step to the right and 3 steps down
wall 1 step to the right and 4 steps down",down,,0,False
42,"Active rules:
wall is stop
baba is you

Objects on the map:
rule `wall` 3 step to the left and 2 step up
rule `is` 2 step to the left and 2 step up
rule `stop` 1 step to the left and 2 step up
wall 2 steps to the right and 2 step up
rule `is` 6 steps to the right and 2 step up
rule `win` 7 steps to the right and 2 step up
rule `key` 3 step to the left and 1 step up
wall 2 steps to the right and 1 step up
ball 4 steps to the right and 1 step up
key 6 steps to the right and 1 step up
wall 2 steps to the right
wall 2 steps to the right and 1 step down
rule `ball` 4 steps to the right and 1 step down
wall 2 steps to the right and 2 steps down
rule `baba` 3 step to the left and 3 steps down
rule `is` 2 step to the left and 3 steps down
rule `you` 1 step to the left and 3 steps down
wall 2 steps to the right and 3 steps down
wall 2 steps to the right and 4 steps down",left,,0,False
43,"Active rules:
wall is stop
baba is you

Objects on the map:
rule `wall` 2 step to the left and 2 step up
rule `is` 1 step to the left and 2 step up
rule `stop` 2 step up
wall 3 steps to the right and 2 step up
rule `is` 7 steps to the right and 2 step up
rule `win` 8 steps to the right and 2 step up
rule `key` 2 step to the left and 1 step up
wall 3 steps to the right and 1 step up
ball 5 steps to the right and 1 step up
key 7 steps to the right and 1 step up
wall 3 steps to the right
wall 3 steps to the right and 1 step down
rule `ball` 5 steps to the right and 1 step down
wall 3 steps to the right and 2 steps down
rule `baba` 2 step to the left and 3 steps down
rule `is` 1 step to the left and 3 steps down
rule `you` 3 steps down
wall 3 steps to the right and 3 steps down
wall 3 steps to the right and 4 steps down",left,,0,False
44,"Active rules:
wall is stop
baba is you

Objects on the map:
rule `wall` 2 step to the left and 3 step up
rule `is` 1 step to the left and 3 step up
rule `stop` 3 step up
wall 3 steps to the right and 3 step up
rule `is` 7 steps to the right and 3 step up
rule `win` 8 steps to the right and 3 step up
rule `key` 2 step to the left and 2 step up
wall 3 steps to the right and 2 step up
ball 5 steps to the right and 2 step up
key 7 steps to the right and 2 step up
wall 3 steps to the right and 1 step up
wall 3 steps to the right
rule `ball` 5 steps to the right
wall 3 steps to the right and 1 step down
rule `baba` 2 step to the left and 2 steps down
rule `is` 1 step to the left and 2 steps down
rule `you` 2 steps down
wall 3 steps to the right and 2 steps down
wall 3 steps to the right and 3 steps down",down,,0,False
45,"Active rules:
wall is stop
baba is you

Objects on the map:
rule `wall` 1 step to the left and 3 step up
rule `is` 3 step up
rule `stop` 1 step to the right and 3 step up
wall 4 steps to the right and 3 step up
rule `is` 8 steps to the right and 3 step up
rule `win` 9 steps to the right and 3 step up
rule `key` 1 step to the left and 2 step up
wall 4 steps to the right and 2 step up
ball 6 steps to the right and 2 step up
key 8 steps to the right and 2 step up
wall 4 steps to the right and 1 step up
wall 4 steps to the right
rule `ball` 6 steps to the right
wall 4 steps to the right and 1 step down
rule `baba` 1 step to the left and 2 steps down
rule `is` 2 steps down
rule `you` 1 step to the right and 2 steps down
wall 4 steps to the right and 2 steps down
wall 4 steps to the right and 3 steps down",left,,0,False
46,"Active rules:
wall is stop
baba is you

Objects on the map:
rule `wall` 3 step up
rule `is` 1 step to the right and 3 step up
rule `stop` 2 steps to the right and 3 step up
wall 5 steps to the right and 3 step up
rule `is` 9 steps to the right and 3 step up
rule `win` 10 steps to the right and 3 step up
rule `key` 2 step up
wall 5 steps to the right and 2 step up
ball 7 steps to the right and 2 step up
key 9 steps to the right and 2 step up
wall 5 steps to the right and 1 step up
wall 5 steps to the right
rule `ball` 7 steps to the right
wall 5 steps to the right and 1 step down
rule `baba` 2 steps down
rule `is` 1 step to the right and 2 steps down
rule `you` 2 steps to the right and 2 steps down
wall 5 steps to the right and 2 steps down
wall 5 steps to the right and 3 steps down",left,,0,False
47,"Active rules:
wall is stop
baba is you

Objects on the map:
rule `wall` 4 step up
rule `is` 1 step to the right and 4 step up
rule `stop` 2 steps to the right and 4 step up
wall 5 steps to the right and 4 step up
rule `is` 9 steps to the right and 4 step up
rule `win` 10 steps to the right and 4 step up
rule `key` 3 step up
wall 5 steps to the right and 3 step up
ball 7 steps to the right and 3 step up
key 9 steps to the right and 3 step up
wall 5 steps to the right and 2 step up
wall 5 steps to the right and 1 step up
rule `ball` 7 steps to the right and 1 step up
wall 5 steps to the right
rule `baba` 1 step down
rule `is` 1 step to the right and 1 step down
rule `you` 2 steps to the right and 1 step down
wall 5 steps to the right and 1 step down
wall 5 steps to the right and 2 steps down",down,,0,False
48,"[...] IS YOU rule was broken, environment resetActive rules:
wall is stop

Objects on the map:
defaultdict(<function BabaIsAIWrapper.textworld_process_obsv.<locals>.<lambda> at 0x7f9628ccfd90>, {'text': {'long_term_context': 'Active rules:\nwall is stop\nbaba is you\n\nObjects on the map:\nrule `wall` 1 step to the left and 4 step up\nrule `is` 4 step up\nrule `stop` 1 step to the right and 4 step up\nwall 4 steps to the right and 4 step up\nrule `is` 8 steps to the right and 4 step up\nrule `win` 9 steps to the right and 4 step up\nwall 4 steps to the right and 3 step up\nball 5 steps to the right and 3 step up\nrule `ball` 1 step to the right and 2 step up\nwall 4 steps to the right and 2 step up\nrule `key` 6 steps to the right and 2 step up\nwall 4 steps to the right and 1 step up\nwall 4 steps to the right\nrule `baba` 1 step to the left and 1 step down\nrule `is` 1 step down\nrule `you` 1 step to the right and 1 step down\nwall 4 steps to the right and 1 step down\nwall 4 steps to the right and 2 steps down\nkey 5 steps to the right and 2 steps down', 'short_term_context': ''}, 'image': <PIL.Image.Image image mode=RGB size=416x288 at 0x7F9628D544F0>})",down,,0,False
49,"

Your previous output action: 'Based on the current observation, it seems that the ""BABA IS YOU"" rule was broken, which caused the environment to reset. This is a critical rule that allows us to control Baba, so we need to reconstruct it.

Let's start by moving towards the ""BABA"" text block:

left' is not a valid action. Defaulted to action: idle
Active rules:
wall is stop
baba is you

Objects on the map:
rule `wall` 1 step to the left and 4 step up
rule `is` 4 step up
rule `stop` 1 step to the right and 4 step up
wall 4 steps to the right and 4 step up
rule `is` 8 steps to the right and 4 step up
rule `win` 9 steps to the right and 4 step up
wall 4 steps to the right and 3 step up
ball 5 steps to the right and 3 step up
rule `ball` 1 step to the right and 2 step up
wall 4 steps to the right and 2 step up
rule `key` 6 steps to the right and 2 step up
wall 4 steps to the right and 1 step up
wall 4 steps to the right
rule `baba` 1 step to the left and 1 step down
rule `is` 1 step down
rule `you` 1 step to the right and 1 step down
wall 4 steps to the right and 1 step down
wall 4 steps to the right and 2 steps down
key 5 steps to the right and 2 steps down","Based on the current observation, it seems that the ""BABA IS YOU"" rule was broken, which caused the environment to reset. This is a critical rule that allows us to control Baba, so we need to reconstruct it.

Let's start by moving towards the ""BABA"" text block:

left",,0,False
50,"

Your previous output action: 'I apologize for the confusion in my previous response. You're right, I should only output a single valid action. Let's correct that and continue with the puzzle.

left' is not a valid action. Defaulted to action: idle
Active rules:
wall is stop
baba is you

Objects on the map:
rule `wall` 1 step to the left and 4 step up
rule `is` 4 step up
rule `stop` 1 step to the right and 4 step up
wall 4 steps to the right and 4 step up
rule `is` 8 steps to the right and 4 step up
rule `win` 9 steps to the right and 4 step up
wall 4 steps to the right and 3 step up
ball 5 steps to the right and 3 step up
rule `ball` 1 step to the right and 2 step up
wall 4 steps to the right and 2 step up
rule `key` 6 steps to the right and 2 step up
wall 4 steps to the right and 1 step up
wall 4 steps to the right
rule `baba` 1 step to the left and 1 step down
rule `is` 1 step down
rule `you` 1 step to the right and 1 step down
wall 4 steps to the right and 1 step down
wall 4 steps to the right and 2 steps down
key 5 steps to the right and 2 steps down","I apologize for the confusion in my previous response. You're right, I should only output a single valid action. Let's correct that and continue with the puzzle.

left",,0,False
51,"

Your previous output action: 'I apologize for the confusion. You're absolutely right. I'll provide a single valid action now.

left' is not a valid action. Defaulted to action: idle
Active rules:
wall is stop
baba is you

Objects on the map:
rule `wall` 1 step to the left and 4 step up
rule `is` 4 step up
rule `stop` 1 step to the right and 4 step up
wall 4 steps to the right and 4 step up
rule `is` 8 steps to the right and 4 step up
rule `win` 9 steps to the right and 4 step up
wall 4 steps to the right and 3 step up
ball 5 steps to the right and 3 step up
rule `ball` 1 step to the right and 2 step up
wall 4 steps to the right and 2 step up
rule `key` 6 steps to the right and 2 step up
wall 4 steps to the right and 1 step up
wall 4 steps to the right
rule `baba` 1 step to the left and 1 step down
rule `is` 1 step down
rule `you` 1 step to the right and 1 step down
wall 4 steps to the right and 1 step down
wall 4 steps to the right and 2 steps down
key 5 steps to the right and 2 steps down","I apologize for the confusion. You're absolutely right. I'll provide a single valid action now.

left",,0,False
52,"Active rules:
wall is stop
baba is you

Objects on the map:
rule `wall` 4 step up
rule `is` 1 step to the right and 4 step up
rule `stop` 2 steps to the right and 4 step up
wall 5 steps to the right and 4 step up
rule `is` 9 steps to the right and 4 step up
rule `win` 10 steps to the right and 4 step up
wall 5 steps to the right and 3 step up
ball 6 steps to the right and 3 step up
rule `ball` 2 steps to the right and 2 step up
wall 5 steps to the right and 2 step up
rule `key` 7 steps to the right and 2 step up
wall 5 steps to the right and 1 step up
wall 5 steps to the right
rule `baba` 1 step down
rule `is` 1 step to the right and 1 step down
rule `you` 2 steps to the right and 1 step down
wall 5 steps to the right and 1 step down
wall 5 steps to the right and 2 steps down
key 6 steps to the right and 2 steps down",left,,0,False
53,"[...] IS YOU rule was broken, environment resetActive rules:
wall is stop

Objects on the map:
defaultdict(<function BabaIsAIWrapper.textworld_process_obsv.<locals>.<lambda> at 0x7f9628ce53f0>, {'text': {'long_term_context': 'Active rules:\nwall is stop\nbaba is you\n\nObjects on the map:\nrule `wall` 2 step to the left and 2 step up\nrule `is` 1 step to the left and 2 step up\nrule `stop` 2 step up\nwall 3 steps to the right and 2 step up\nrule `is` 7 steps to the right and 2 step up\nrule `win` 8 steps to the right and 2 step up\nwall 3 steps to the right and 1 step up\nwall 3 steps to the right\nball 4 steps to the right\nwall 3 steps to the right and 1 step down\nrule `ball` 6 steps to the right and 1 step down\nrule `door` 1 step to the right and 2 steps down\nwall 3 steps to the right and 2 steps down\ndoor 6 steps to the right and 2 steps down\nrule `baba` 2 step to the left and 3 steps down\nrule `is` 1 step to the left and 3 steps down\nrule `you` 3 steps down\nwall 3 steps to the right and 3 steps down\nwall 3 steps to the right and 4 steps down', 'short_term_context': ''}, 'image': <PIL.Image.Image image mode=RGB size=416x288 at 0x7F9628D57B50>})",down,,0,False
54,"Active rules:
wall is stop
baba is you

Objects on the map:
rule `wall` 2 step to the left and 1 step up
rule `is` 1 step to the left and 1 step up
rule `stop` 1 step up
wall 3 steps to the right and 1 step up
rule `is` 7 steps to the right and 1 step up
rule `win` 8 steps to the right and 1 step up
wall 3 steps to the right
wall 3 steps to the right and 1 step down
ball 4 steps to the right and 1 step down
wall 3 steps to the right and 2 steps down
rule `ball` 6 steps to the right and 2 steps down
rule `door` 1 step to the right and 3 steps down
wall 3 steps to the right and 3 steps down
door 6 steps to the right and 3 steps down
rule `baba` 2 step to the left and 4 steps down
rule `is` 1 step to the left and 4 steps down
rule `you` 4 steps down
wall 3 steps to the right and 4 steps down
wall 3 steps to the right and 5 steps down",up,,0,False
55,"Active rules:
wall is stop
baba is you

Objects on the map:
rule `wall` 1 step to the left and 1 step up
rule `is` 1 step up
rule `stop` 1 step to the right and 1 step up
wall 4 steps to the right and 1 step up
rule `is` 8 steps to the right and 1 step up
rule `win` 9 steps to the right and 1 step up
wall 4 steps to the right
wall 4 steps to the right and 1 step down
ball 5 steps to the right and 1 step down
wall 4 steps to the right and 2 steps down
rule `ball` 7 steps to the right and 2 steps down
rule `door` 2 steps to the right and 3 steps down
wall 4 steps to the right and 3 steps down
door 7 steps to the right and 3 steps down
rule `baba` 1 step to the left and 4 steps down
rule `is` 4 steps down
rule `you` 1 step to the right and 4 steps down
wall 4 steps to the right and 4 steps down
wall 4 steps to the right and 5 steps down",left,,0,False
56,"Active rules:
wall is stop
baba is you

Objects on the map:
rule `wall` 1 step up
rule `is` 1 step to the right and 1 step up
rule `stop` 2 steps to the right and 1 step up
wall 5 steps to the right and 1 step up
rule `is` 9 steps to the right and 1 step up
rule `win` 10 steps to the right and 1 step up
wall 5 steps to the right
wall 5 steps to the right and 1 step down
ball 6 steps to the right and 1 step down
wall 5 steps to the right and 2 steps down
rule `ball` 8 steps to the right and 2 steps down
rule `door` 3 steps to the right and 3 steps down
wall 5 steps to the right and 3 steps down
door 8 steps to the right and 3 steps down
rule `baba` 4 steps down
rule `is` 1 step to the right and 4 steps down
rule `you` 2 steps to the right and 4 steps down
wall 5 steps to the right and 4 steps down
wall 5 steps to the right and 5 steps down",left,,0,False
57,"Active rules:
wall is stop
baba is you

Objects on the map:
rule `wall` 1 step up
rule `is` 1 step to the right and 1 step up
rule `stop` 2 steps to the right and 1 step up
wall 5 steps to the right and 1 step up
rule `is` 9 steps to the right and 1 step up
rule `win` 10 steps to the right and 1 step up
wall 5 steps to the right
wall 5 steps to the right and 1 step down
ball 6 steps to the right and 1 step down
wall 5 steps to the right and 2 steps down
rule `ball` 8 steps to the right and 2 steps down
rule `door` 3 steps to the right and 3 steps down
wall 5 steps to the right and 3 steps down
door 8 steps to the right and 3 steps down
rule `baba` 4 steps down
rule `is` 1 step to the right and 4 steps down
rule `you` 2 steps to the right and 4 steps down
wall 5 steps to the right and 4 steps down
wall 5 steps to the right and 5 steps down",up,,0,False
58,"Active rules:
wall is stop
baba is you

Objects on the map:
rule `wall` 1 step to the left and 1 step up
rule `is` 1 step up
rule `stop` 1 step to the right and 1 step up
wall 4 steps to the right and 1 step up
rule `is` 8 steps to the right and 1 step up
rule `win` 9 steps to the right and 1 step up
wall 4 steps to the right
wall 4 steps to the right and 1 step down
ball 5 steps to the right and 1 step down
wall 4 steps to the right and 2 steps down
rule `ball` 7 steps to the right and 2 steps down
rule `door` 2 steps to the right and 3 steps down
wall 4 steps to the right and 3 steps down
door 7 steps to the right and 3 steps down
rule `baba` 1 step to the left and 4 steps down
rule `is` 4 steps down
rule `you` 1 step to the right and 4 steps down
wall 4 steps to the right and 4 steps down
wall 4 steps to the right and 5 steps down",right,,0,False
59,"Active rules:
wall is stop
baba is you

Objects on the map:
rule `wall` 2 step to the left and 1 step up
rule `is` 1 step to the left and 1 step up
rule `stop` 1 step up
wall 3 steps to the right and 1 step up
rule `is` 7 steps to the right and 1 step up
rule `win` 8 steps to the right and 1 step up
wall 3 steps to the right
wall 3 steps to the right and 1 step down
ball 4 steps to the right and 1 step down
wall 3 steps to the right and 2 steps down
rule `ball` 6 steps to the right and 2 steps down
rule `door` 1 step to the right and 3 steps down
wall 3 steps to the right and 3 steps down
door 6 steps to the right and 3 steps down
rule `baba` 2 step to the left and 4 steps down
rule `is` 1 step to the left and 4 steps down
rule `you` 4 steps down
wall 3 steps to the right and 4 steps down
wall 3 steps to the right and 5 steps down",right,,0,False
60,"Active rules:
wall is stop
baba is you

Objects on the map:
rule `wall` 3 step to the left and 1 step up
rule `is` 2 step to the left and 1 step up
rule `stop` 1 step to the left and 1 step up
wall 2 steps to the right and 1 step up
rule `is` 6 steps to the right and 1 step up
rule `win` 7 steps to the right and 1 step up
wall 2 steps to the right
wall 2 steps to the right and 1 step down
ball 3 steps to the right and 1 step down
wall 2 steps to the right and 2 steps down
rule `ball` 5 steps to the right and 2 steps down
rule `door` 3 steps down
wall 2 steps to the right and 3 steps down
door 5 steps to the right and 3 steps down
rule `baba` 3 step to the left and 4 steps down
rule `is` 2 step to the left and 4 steps down
rule `you` 1 step to the left and 4 steps down
wall 2 steps to the right and 4 steps down
wall 2 steps to the right and 5 steps down",right,,0,False
61,"Active rules:
wall is stop
baba is you

Objects on the map:
rule `wall` 4 step to the left and 1 step up
rule `is` 3 step to the left and 1 step up
rule `stop` 2 step to the left and 1 step up
wall 1 step to the right and 1 step up
rule `is` 5 steps to the right and 1 step up
rule `win` 6 steps to the right and 1 step up
wall 1 step to the right
wall 1 step to the right and 1 step down
ball 2 steps to the right and 1 step down
wall 1 step to the right and 2 steps down
rule `ball` 4 steps to the right and 2 steps down
rule `door` 1 step to the left and 3 steps down
wall 1 step to the right and 3 steps down
door 4 steps to the right and 3 steps down
rule `baba` 4 step to the left and 4 steps down
rule `is` 3 step to the left and 4 steps down
rule `you` 2 step to the left and 4 steps down
wall 1 step to the right and 4 steps down
wall 1 step to the right and 5 steps down",right,,0,False
62,"Active rules:
wall is stop
baba is you

Objects on the map:
rule `wall` 4 step to the left and 1 step up
rule `is` 3 step to the left and 1 step up
rule `stop` 2 step to the left and 1 step up
wall 1 step to the right and 1 step up
rule `is` 5 steps to the right and 1 step up
rule `win` 6 steps to the right and 1 step up
wall 1 step to the right
wall 1 step to the right and 1 step down
ball 2 steps to the right and 1 step down
wall 1 step to the right and 2 steps down
rule `ball` 4 steps to the right and 2 steps down
rule `door` 1 step to the left and 3 steps down
wall 1 step to the right and 3 steps down
door 4 steps to the right and 3 steps down
rule `baba` 4 step to the left and 4 steps down
rule `is` 3 step to the left and 4 steps down
rule `you` 2 step to the left and 4 steps down
wall 1 step to the right and 4 steps down
wall 1 step to the right and 5 steps down",right,,0,False
63,"Active rules:
wall is stop
baba is you

Objects on the map:
rule `wall` 4 step to the left
rule `is` 3 step to the left
rule `stop` 2 step to the left
wall 1 step to the right
rule `is` 5 steps to the right
rule `win` 6 steps to the right
wall 1 step to the right and 1 step down
wall 1 step to the right and 2 steps down
ball 2 steps to the right and 2 steps down
wall 1 step to the right and 3 steps down
rule `ball` 4 steps to the right and 3 steps down
rule `door` 1 step to the left and 4 steps down
wall 1 step to the right and 4 steps down
door 4 steps to the right and 4 steps down
rule `baba` 4 step to the left and 5 steps down
rule `is` 3 step to the left and 5 steps down
rule `you` 2 step to the left and 5 steps down
wall 1 step to the right and 5 steps down
wall 1 step to the right and 6 steps down",up,,0,False
64,"Active rules:
wall is stop
baba is you

Objects on the map:
rule `wall` 4 step to the left
rule `is` 3 step to the left
rule `stop` 2 step to the left
wall 1 step to the right
rule `is` 5 steps to the right
rule `win` 6 steps to the right
wall 1 step to the right and 1 step down
wall 1 step to the right and 2 steps down
ball 2 steps to the right and 2 steps down
wall 1 step to the right and 3 steps down
rule `ball` 4 steps to the right and 3 steps down
rule `door` 1 step to the left and 4 steps down
wall 1 step to the right and 4 steps down
door 4 steps to the right and 4 steps down
rule `baba` 4 step to the left and 5 steps down
rule `is` 3 step to the left and 5 steps down
rule `you` 2 step to the left and 5 steps down
wall 1 step to the right and 5 steps down
wall 1 step to the right and 6 steps down",right,,0,False
65,"Active rules:
wall is stop
baba is you

Objects on the map:
rule `wall` 4 step to the left
rule `is` 3 step to the left
rule `stop` 2 step to the left
wall 1 step to the right
rule `is` 5 steps to the right
rule `win` 6 steps to the right
wall 1 step to the right and 1 step down
wall 1 step to the right and 2 steps down
ball 2 steps to the right and 2 steps down
wall 1 step to the right and 3 steps down
rule `ball` 4 steps to the right and 3 steps down
rule `door` 1 step to the left and 4 steps down
wall 1 step to the right and 4 steps down
door 4 steps to the right and 4 steps down
rule `baba` 4 step to the left and 5 steps down
rule `is` 3 step to the left and 5 steps down
rule `you` 2 step to the left and 5 steps down
wall 1 step to the right and 5 steps down
wall 1 step to the right and 6 steps down",right,,0,False
66,"Active rules:
wall is stop
baba is you

Objects on the map:
rule `wall` 4 step to the left
rule `is` 3 step to the left
rule `stop` 2 step to the left
wall 1 step to the right
rule `is` 5 steps to the right
rule `win` 6 steps to the right
wall 1 step to the right and 1 step down
wall 1 step to the right and 2 steps down
ball 2 steps to the right and 2 steps down
wall 1 step to the right and 3 steps down
rule `ball` 4 steps to the right and 3 steps down
rule `door` 1 step to the left and 4 steps down
wall 1 step to the right and 4 steps down
door 4 steps to the right and 4 steps down
rule `baba` 4 step to the left and 5 steps down
rule `is` 3 step to the left and 5 steps down
rule `you` 2 step to the left and 5 steps down
wall 1 step to the right and 5 steps down
wall 1 step to the right and 6 steps down",right,,0,False
67,"Active rules:
wall is stop
baba is you

Objects on the map:
rule `wall` 4 step to the left and 1 step up
rule `is` 3 step to the left and 1 step up
rule `stop` 2 step to the left and 1 step up
wall 1 step to the right and 1 step up
rule `is` 5 steps to the right and 1 step up
rule `win` 6 steps to the right and 1 step up
wall 1 step to the right
wall 1 step to the right and 1 step down
ball 2 steps to the right and 1 step down
wall 1 step to the right and 2 steps down
rule `ball` 4 steps to the right and 2 steps down
rule `door` 1 step to the left and 3 steps down
wall 1 step to the right and 3 steps down
door 4 steps to the right and 3 steps down
rule `baba` 4 step to the left and 4 steps down
rule `is` 3 step to the left and 4 steps down
rule `you` 2 step to the left and 4 steps down
wall 1 step to the right and 4 steps down
wall 1 step to the right and 5 steps down",down,,0,False
68,"Active rules:
wall is stop
baba is you

Objects on the map:
rule `wall` 4 step to the left and 1 step up
rule `is` 3 step to the left and 1 step up
rule `stop` 2 step to the left and 1 step up
wall 1 step to the right and 1 step up
rule `is` 5 steps to the right and 1 step up
rule `win` 6 steps to the right and 1 step up
wall 1 step to the right
wall 1 step to the right and 1 step down
ball 2 steps to the right and 1 step down
wall 1 step to the right and 2 steps down
rule `ball` 4 steps to the right and 2 steps down
rule `door` 1 step to the left and 3 steps down
wall 1 step to the right and 3 steps down
door 4 steps to the right and 3 steps down
rule `baba` 4 step to the left and 4 steps down
rule `is` 3 step to the left and 4 steps down
rule `you` 2 step to the left and 4 steps down
wall 1 step to the right and 4 steps down
wall 1 step to the right and 5 steps down",right,,0,False
69,"Active rules:
wall is stop
baba is you

Objects on the map:
rule `wall` 4 step to the left and 1 step up
rule `is` 3 step to the left and 1 step up
rule `stop` 2 step to the left and 1 step up
wall 1 step to the right and 1 step up
rule `is` 5 steps to the right and 1 step up
rule `win` 6 steps to the right and 1 step up
wall 1 step to the right
wall 1 step to the right and 1 step down
ball 2 steps to the right and 1 step down
wall 1 step to the right and 2 steps down
rule `ball` 4 steps to the right and 2 steps down
rule `door` 1 step to the left and 3 steps down
wall 1 step to the right and 3 steps down
door 4 steps to the right and 3 steps down
rule `baba` 4 step to the left and 4 steps down
rule `is` 3 step to the left and 4 steps down
rule `you` 2 step to the left and 4 steps down
wall 1 step to the right and 4 steps down
wall 1 step to the right and 5 steps down",right,,0,False
70,"Active rules:
wall is stop
baba is you

Objects on the map:
rule `wall` 4 step to the left and 2 step up
rule `is` 3 step to the left and 2 step up
rule `stop` 2 step to the left and 2 step up
wall 1 step to the right and 2 step up
rule `is` 5 steps to the right and 2 step up
rule `win` 6 steps to the right and 2 step up
wall 1 step to the right and 1 step up
wall 1 step to the right
ball 2 steps to the right
wall 1 step to the right and 1 step down
rule `ball` 4 steps to the right and 1 step down
rule `door` 1 step to the left and 2 steps down
wall 1 step to the right and 2 steps down
door 4 steps to the right and 2 steps down
rule `baba` 4 step to the left and 3 steps down
rule `is` 3 step to the left and 3 steps down
rule `you` 2 step to the left and 3 steps down
wall 1 step to the right and 3 steps down
wall 1 step to the right and 4 steps down",down,,0,False
71,"Active rules:
wall is stop
baba is you

Objects on the map:
rule `wall` 4 step to the left and 2 step up
rule `is` 3 step to the left and 2 step up
rule `stop` 2 step to the left and 2 step up
wall 1 step to the right and 2 step up
rule `is` 5 steps to the right and 2 step up
rule `win` 6 steps to the right and 2 step up
wall 1 step to the right and 1 step up
wall 1 step to the right
ball 2 steps to the right
wall 1 step to the right and 1 step down
rule `ball` 4 steps to the right and 1 step down
rule `door` 1 step to the left and 2 steps down
wall 1 step to the right and 2 steps down
door 4 steps to the right and 2 steps down
rule `baba` 4 step to the left and 3 steps down
rule `is` 3 step to the left and 3 steps down
rule `you` 2 step to the left and 3 steps down
wall 1 step to the right and 3 steps down
wall 1 step to the right and 4 steps down",right,,0,False
72,"Active rules:
wall is stop
baba is you

Objects on the map:
rule `wall` 4 step to the left and 2 step up
rule `is` 3 step to the left and 2 step up
rule `stop` 2 step to the left and 2 step up
wall 1 step to the right and 2 step up
rule `is` 5 steps to the right and 2 step up
rule `win` 6 steps to the right and 2 step up
wall 1 step to the right and 1 step up
wall 1 step to the right
ball 2 steps to the right
wall 1 step to the right and 1 step down
rule `ball` 4 steps to the right and 1 step down
rule `door` 1 step to the left and 2 steps down
wall 1 step to the right and 2 steps down
door 4 steps to the right and 2 steps down
rule `baba` 4 step to the left and 3 steps down
rule `is` 3 step to the left and 3 steps down
rule `you` 2 step to the left and 3 steps down
wall 1 step to the right and 3 steps down
wall 1 step to the right and 4 steps down",right,,0,False
73,"Active rules:
wall is stop
baba is you

Objects on the map:
rule `wall` 4 step to the left and 2 step up
rule `is` 3 step to the left and 2 step up
rule `stop` 2 step to the left and 2 step up
wall 1 step to the right and 2 step up
rule `is` 5 steps to the right and 2 step up
rule `win` 6 steps to the right and 2 step up
wall 1 step to the right and 1 step up
wall 1 step to the right
ball 2 steps to the right
wall 1 step to the right and 1 step down
rule `ball` 4 steps to the right and 1 step down
rule `door` 1 step to the left and 2 steps down
wall 1 step to the right and 2 steps down
door 4 steps to the right and 2 steps down
rule `baba` 4 step to the left and 3 steps down
rule `is` 3 step to the left and 3 steps down
rule `you` 2 step to the left and 3 steps down
wall 1 step to the right and 3 steps down
wall 1 step to the right and 4 steps down",right,,0,False
74,"Active rules:
wall is stop
baba is you

Objects on the map:
rule `wall` 4 step to the left and 3 step up
rule `is` 3 step to the left and 3 step up
rule `stop` 2 step to the left and 3 step up
wall 1 step to the right and 3 step up
rule `is` 5 steps to the right and 3 step up
rule `win` 6 steps to the right and 3 step up
wall 1 step to the right and 2 step up
wall 1 step to the right and 1 step up
ball 2 steps to the right and 1 step up
wall 1 step to the right
rule `ball` 4 steps to the right
rule `door` 1 step to the left and 1 step down
wall 1 step to the right and 1 step down
door 4 steps to the right and 1 step down
rule `baba` 4 step to the left and 2 steps down
rule `is` 3 step to the left and 2 steps down
rule `you` 2 step to the left and 2 steps down
wall 1 step to the right and 2 steps down
wall 1 step to the right and 3 steps down",down,,0,False
75,"Active rules:
wall is stop
baba is you

Objects on the map:
rule `wall` 4 step to the left and 3 step up
rule `is` 3 step to the left and 3 step up
rule `stop` 2 step to the left and 3 step up
wall 1 step to the right and 3 step up
rule `is` 5 steps to the right and 3 step up
rule `win` 6 steps to the right and 3 step up
wall 1 step to the right and 2 step up
wall 1 step to the right and 1 step up
ball 2 steps to the right and 1 step up
wall 1 step to the right
rule `ball` 4 steps to the right
rule `door` 1 step to the left and 1 step down
wall 1 step to the right and 1 step down
door 4 steps to the right and 1 step down
rule `baba` 4 step to the left and 2 steps down
rule `is` 3 step to the left and 2 steps down
rule `you` 2 step to the left and 2 steps down
wall 1 step to the right and 2 steps down
wall 1 step to the right and 3 steps down",right,,0,False
76,"Active rules:
wall is stop
baba is you

Objects on the map:
rule `wall` 4 step to the left and 3 step up
rule `is` 3 step to the left and 3 step up
rule `stop` 2 step to the left and 3 step up
wall 1 step to the right and 3 step up
rule `is` 5 steps to the right and 3 step up
rule `win` 6 steps to the right and 3 step up
wall 1 step to the right and 2 step up
wall 1 step to the right and 1 step up
ball 2 steps to the right and 1 step up
wall 1 step to the right
rule `ball` 4 steps to the right
rule `door` 1 step to the left and 1 step down
wall 1 step to the right and 1 step down
door 4 steps to the right and 1 step down
rule `baba` 4 step to the left and 2 steps down
rule `is` 3 step to the left and 2 steps down
rule `you` 2 step to the left and 2 steps down
wall 1 step to the right and 2 steps down
wall 1 step to the right and 3 steps down",right,,0,False
77,"Active rules:
wall is stop
baba is you

Objects on the map:
rule `wall` 4 step to the left and 3 step up
rule `is` 3 step to the left and 3 step up
rule `stop` 2 step to the left and 3 step up
wall 1 step to the right and 3 step up
rule `is` 5 steps to the right and 3 step up
rule `win` 6 steps to the right and 3 step up
wall 1 step to the right and 2 step up
wall 1 step to the right and 1 step up
ball 2 steps to the right and 1 step up
wall 1 step to the right
rule `ball` 4 steps to the right
rule `door` 1 step to the left and 1 step down
wall 1 step to the right and 1 step down
door 4 steps to the right and 1 step down
rule `baba` 4 step to the left and 2 steps down
rule `is` 3 step to the left and 2 steps down
rule `you` 2 step to the left and 2 steps down
wall 1 step to the right and 2 steps down
wall 1 step to the right and 3 steps down",right,,0,False
78,"Active rules:
wall is stop
baba is you

Objects on the map:
rule `wall` 4 step to the left and 4 step up
rule `is` 3 step to the left and 4 step up
rule `stop` 2 step to the left and 4 step up
wall 1 step to the right and 4 step up
rule `is` 5 steps to the right and 4 step up
rule `win` 6 steps to the right and 4 step up
wall 1 step to the right and 3 step up
wall 1 step to the right and 2 step up
ball 2 steps to the right and 2 step up
wall 1 step to the right and 1 step up
rule `ball` 4 steps to the right and 1 step up
rule `door` 1 step to the left
wall 1 step to the right
door 4 steps to the right
rule `baba` 4 step to the left and 1 step down
rule `is` 3 step to the left and 1 step down
rule `you` 2 step to the left and 1 step down
wall 1 step to the right and 1 step down
wall 1 step to the right and 2 steps down",down,,0,False
79,"Active rules:
wall is stop
baba is you

Objects on the map:
rule `wall` 3 step to the left and 4 step up
rule `is` 2 step to the left and 4 step up
rule `stop` 1 step to the left and 4 step up
wall 2 steps to the right and 4 step up
rule `is` 6 steps to the right and 4 step up
rule `win` 7 steps to the right and 4 step up
wall 2 steps to the right and 3 step up
wall 2 steps to the right and 2 step up
ball 3 steps to the right and 2 step up
wall 2 steps to the right and 1 step up
rule `ball` 5 steps to the right and 1 step up
rule `door` 1 step to the left
wall 2 steps to the right
door 5 steps to the right
rule `baba` 3 step to the left and 1 step down
rule `is` 2 step to the left and 1 step down
rule `you` 1 step to the left and 1 step down
wall 2 steps to the right and 1 step down
wall 2 steps to the right and 2 steps down",left,,0,False
80,"Active rules:
wall is stop
baba is you

Objects on the map:
rule `wall` 2 step to the left and 4 step up
rule `is` 1 step to the left and 4 step up
rule `stop` 4 step up
wall 3 steps to the right and 4 step up
rule `is` 7 steps to the right and 4 step up
rule `win` 8 steps to the right and 4 step up
wall 3 steps to the right and 3 step up
wall 3 steps to the right and 2 step up
ball 4 steps to the right and 2 step up
wall 3 steps to the right and 1 step up
rule `ball` 6 steps to the right and 1 step up
rule `door` 1 step to the left
wall 3 steps to the right
door 6 steps to the right
rule `baba` 2 step to the left and 1 step down
rule `is` 1 step to the left and 1 step down
rule `you` 1 step down
wall 3 steps to the right and 1 step down
wall 3 steps to the right and 2 steps down",left,,0,False
81,"Active rules:
wall is stop
baba is you

Objects on the map:
rule `wall` 1 step to the left and 4 step up
rule `is` 4 step up
rule `stop` 1 step to the right and 4 step up
wall 4 steps to the right and 4 step up
rule `is` 8 steps to the right and 4 step up
rule `win` 9 steps to the right and 4 step up
wall 4 steps to the right and 3 step up
wall 4 steps to the right and 2 step up
ball 5 steps to the right and 2 step up
wall 4 steps to the right and 1 step up
rule `ball` 7 steps to the right and 1 step up
rule `door` 1 step to the left
wall 4 steps to the right
door 7 steps to the right
rule `baba` 1 step to the left and 1 step down
rule `is` 1 step down
rule `you` 1 step to the right and 1 step down
wall 4 steps to the right and 1 step down
wall 4 steps to the right and 2 steps down",left,,0,False
82,"[...] IS YOU rule was broken, environment resetActive rules:
wall is stop

Objects on the map:
defaultdict(<function BabaIsAIWrapper.textworld_process_obsv.<locals>.<lambda> at 0x7f9628ce6560>, {'text': {'long_term_context': 'Active rules:\nwall is stop\nbaba is you\n\nObjects on the map:\nrule `wall` 3 step to the left and 2 step up\nrule `is` 2 step to the left and 2 step up\nrule `stop` 1 step to the left and 2 step up\nwall 2 steps to the right and 2 step up\nrule `is` 6 steps to the right and 2 step up\nrule `win` 7 steps to the right and 2 step up\nwall 2 steps to the right and 1 step up\nwall 2 steps to the right\nrule `ball` 4 steps to the right\nrule `key` 2 step to the left and 1 step down\nwall 2 steps to the right and 1 step down\nwall 2 steps to the right and 2 steps down\nrule `baba` 3 step to the left and 3 steps down\nrule `is` 2 step to the left and 3 steps down\nrule `you` 1 step to the left and 3 steps down\nwall 2 steps to the right and 3 steps down\nball 3 steps to the right and 3 steps down\nwall 2 steps to the right and 4 steps down\nkey 5 steps to the right and 4 steps down', 'short_term_context': ''}, 'image': <PIL.Image.Image image mode=RGB size=416x288 at 0x7F9628D57490>})",down,,0,False
83,"

Your previous output action: 'Based on the current observation, it seems that the ""BABA IS YOU"" rule was broken, which means we no longer control Baba. We need to reconstruct this rule to regain control. The ""BABA"", ""IS"", and ""YOU"" text blocks are now at the bottom of the map. Let's start by moving towards these blocks.

up' is not a valid action. Defaulted to action: idle
Active rules:
wall is stop
baba is you

Objects on the map:
rule `wall` 3 step to the left and 2 step up
rule `is` 2 step to the left and 2 step up
rule `stop` 1 step to the left and 2 step up
wall 2 steps to the right and 2 step up
rule `is` 6 steps to the right and 2 step up
rule `win` 7 steps to the right and 2 step up
wall 2 steps to the right and 1 step up
wall 2 steps to the right
rule `ball` 4 steps to the right
rule `key` 2 step to the left and 1 step down
wall 2 steps to the right and 1 step down
wall 2 steps to the right and 2 steps down
rule `baba` 3 step to the left and 3 steps down
rule `is` 2 step to the left and 3 steps down
rule `you` 1 step to the left and 3 steps down
wall 2 steps to the right and 3 steps down
ball 3 steps to the right and 3 steps down
wall 2 steps to the right and 4 steps down
key 5 steps to the right and 4 steps down","Based on the current observation, it seems that the ""BABA IS YOU"" rule was broken, which means we no longer control Baba. We need to reconstruct this rule to regain control. The ""BABA"", ""IS"", and ""YOU"" text blocks are now at the bottom of the map. Let's start by moving towards these blocks.

up",,0,False
84,"

Your previous output action: 'I apologize for the confusion in my previous response. You're right, I should only output a valid action. Based on the current observation, the ""BABA IS YOU"" rule is actually still active, so we can control Baba. Let's move towards the ""WIN"" condition.

right' is not a valid action. Defaulted to action: idle
Active rules:
wall is stop
baba is you

Objects on the map:
rule `wall` 3 step to the left and 2 step up
rule `is` 2 step to the left and 2 step up
rule `stop` 1 step to the left and 2 step up
wall 2 steps to the right and 2 step up
rule `is` 6 steps to the right and 2 step up
rule `win` 7 steps to the right and 2 step up
wall 2 steps to the right and 1 step up
wall 2 steps to the right
rule `ball` 4 steps to the right
rule `key` 2 step to the left and 1 step down
wall 2 steps to the right and 1 step down
wall 2 steps to the right and 2 steps down
rule `baba` 3 step to the left and 3 steps down
rule `is` 2 step to the left and 3 steps down
rule `you` 1 step to the left and 3 steps down
wall 2 steps to the right and 3 steps down
ball 3 steps to the right and 3 steps down
wall 2 steps to the right and 4 steps down
key 5 steps to the right and 4 steps down","I apologize for the confusion in my previous response. You're right, I should only output a valid action. Based on the current observation, the ""BABA IS YOU"" rule is actually still active, so we can control Baba. Let's move towards the ""WIN"" condition.

right",,0,False
85,"

Your previous output action: 'I apologize for the confusion. You're right, I should only output a single valid action. Let's move Baba towards the ""WIN"" condition.

right' is not a valid action. Defaulted to action: idle
Active rules:
wall is stop
baba is you

Objects on the map:
rule `wall` 3 step to the left and 2 step up
rule `is` 2 step to the left and 2 step up
rule `stop` 1 step to the left and 2 step up
wall 2 steps to the right and 2 step up
rule `is` 6 steps to the right and 2 step up
rule `win` 7 steps to the right and 2 step up
wall 2 steps to the right and 1 step up
wall 2 steps to the right
rule `ball` 4 steps to the right
rule `key` 2 step to the left and 1 step down
wall 2 steps to the right and 1 step down
wall 2 steps to the right and 2 steps down
rule `baba` 3 step to the left and 3 steps down
rule `is` 2 step to the left and 3 steps down
rule `you` 1 step to the left and 3 steps down
wall 2 steps to the right and 3 steps down
ball 3 steps to the right and 3 steps down
wall 2 steps to the right and 4 steps down
key 5 steps to the right and 4 steps down","I apologize for the confusion. You're right, I should only output a single valid action. Let's move Baba towards the ""WIN"" condition.

right",,0,False
86,"Active rules:
wall is stop
baba is you

Objects on the map:
rule `wall` 4 step to the left and 2 step up
rule `is` 3 step to the left and 2 step up
rule `stop` 2 step to the left and 2 step up
wall 1 step to the right and 2 step up
rule `is` 5 steps to the right and 2 step up
rule `win` 6 steps to the right and 2 step up
wall 1 step to the right and 1 step up
wall 1 step to the right
rule `ball` 3 steps to the right
rule `key` 3 step to the left and 1 step down
wall 1 step to the right and 1 step down
wall 1 step to the right and 2 steps down
rule `baba` 4 step to the left and 3 steps down
rule `is` 3 step to the left and 3 steps down
rule `you` 2 step to the left and 3 steps down
wall 1 step to the right and 3 steps down
ball 2 steps to the right and 3 steps down
wall 1 step to the right and 4 steps down
key 4 steps to the right and 4 steps down",right,,0,False
87,"Active rules:
wall is stop
baba is you

Objects on the map:
rule `wall` 4 step to the left and 2 step up
rule `is` 3 step to the left and 2 step up
rule `stop` 2 step to the left and 2 step up
wall 1 step to the right and 2 step up
rule `is` 5 steps to the right and 2 step up
rule `win` 6 steps to the right and 2 step up
wall 1 step to the right and 1 step up
wall 1 step to the right
rule `ball` 3 steps to the right
rule `key` 3 step to the left and 1 step down
wall 1 step to the right and 1 step down
wall 1 step to the right and 2 steps down
rule `baba` 4 step to the left and 3 steps down
rule `is` 3 step to the left and 3 steps down
rule `you` 2 step to the left and 3 steps down
wall 1 step to the right and 3 steps down
ball 2 steps to the right and 3 steps down
wall 1 step to the right and 4 steps down
key 4 steps to the right and 4 steps down",right,,0,False
88,"Active rules:
wall is stop
baba is you

Objects on the map:
rule `wall` 4 step to the left and 2 step up
rule `is` 3 step to the left and 2 step up
rule `stop` 2 step to the left and 2 step up
wall 1 step to the right and 2 step up
rule `is` 5 steps to the right and 2 step up
rule `win` 6 steps to the right and 2 step up
wall 1 step to the right and 1 step up
wall 1 step to the right
rule `ball` 3 steps to the right
rule `key` 3 step to the left and 1 step down
wall 1 step to the right and 1 step down
wall 1 step to the right and 2 steps down
rule `baba` 4 step to the left and 3 steps down
rule `is` 3 step to the left and 3 steps down
rule `you` 2 step to the left and 3 steps down
wall 1 step to the right and 3 steps down
ball 2 steps to the right and 3 steps down
wall 1 step to the right and 4 steps down
key 4 steps to the right and 4 steps down",right,,0,False
89,"Active rules:
wall is stop
baba is you

Objects on the map:
rule `wall` 4 step to the left and 3 step up
rule `is` 3 step to the left and 3 step up
rule `stop` 2 step to the left and 3 step up
wall 1 step to the right and 3 step up
rule `is` 5 steps to the right and 3 step up
rule `win` 6 steps to the right and 3 step up
wall 1 step to the right and 2 step up
wall 1 step to the right and 1 step up
rule `ball` 3 steps to the right and 1 step up
rule `key` 3 step to the left
wall 1 step to the right
wall 1 step to the right and 1 step down
rule `baba` 4 step to the left and 2 steps down
rule `is` 3 step to the left and 2 steps down
rule `you` 2 step to the left and 2 steps down
wall 1 step to the right and 2 steps down
ball 2 steps to the right and 2 steps down
wall 1 step to the right and 3 steps down
key 4 steps to the right and 3 steps down",down,,0,False
90,"Active rules:
wall is stop
baba is you

Objects on the map:
rule `wall` 4 step to the left and 3 step up
rule `is` 3 step to the left and 3 step up
rule `stop` 2 step to the left and 3 step up
wall 1 step to the right and 3 step up
rule `is` 5 steps to the right and 3 step up
rule `win` 6 steps to the right and 3 step up
wall 1 step to the right and 2 step up
wall 1 step to the right and 1 step up
rule `ball` 3 steps to the right and 1 step up
rule `key` 3 step to the left
wall 1 step to the right
wall 1 step to the right and 1 step down
rule `baba` 4 step to the left and 2 steps down
rule `is` 3 step to the left and 2 steps down
rule `you` 2 step to the left and 2 steps down
wall 1 step to the right and 2 steps down
ball 2 steps to the right and 2 steps down
wall 1 step to the right and 3 steps down
key 4 steps to the right and 3 steps down",right,,0,False
91,"Active rules:
wall is stop
baba is you

Objects on the map:
rule `wall` 4 step to the left and 3 step up
rule `is` 3 step to the left and 3 step up
rule `stop` 2 step to the left and 3 step up
wall 1 step to the right and 3 step up
rule `is` 5 steps to the right and 3 step up
rule `win` 6 steps to the right and 3 step up
wall 1 step to the right and 2 step up
wall 1 step to the right and 1 step up
rule `ball` 3 steps to the right and 1 step up
rule `key` 3 step to the left
wall 1 step to the right
wall 1 step to the right and 1 step down
rule `baba` 4 step to the left and 2 steps down
rule `is` 3 step to the left and 2 steps down
rule `you` 2 step to the left and 2 steps down
wall 1 step to the right and 2 steps down
ball 2 steps to the right and 2 steps down
wall 1 step to the right and 3 steps down
key 4 steps to the right and 3 steps down",right,,0,False
92,"Active rules:
wall is stop
baba is you

Objects on the map:
rule `wall` 4 step to the left and 3 step up
rule `is` 3 step to the left and 3 step up
rule `stop` 2 step to the left and 3 step up
wall 1 step to the right and 3 step up
rule `is` 5 steps to the right and 3 step up
rule `win` 6 steps to the right and 3 step up
wall 1 step to the right and 2 step up
wall 1 step to the right and 1 step up
rule `ball` 3 steps to the right and 1 step up
rule `key` 3 step to the left
wall 1 step to the right
wall 1 step to the right and 1 step down
rule `baba` 4 step to the left and 2 steps down
rule `is` 3 step to the left and 2 steps down
rule `you` 2 step to the left and 2 steps down
wall 1 step to the right and 2 steps down
ball 2 steps to the right and 2 steps down
wall 1 step to the right and 3 steps down
key 4 steps to the right and 3 steps down",right,,0,False
93,"Active rules:
wall is stop
baba is you

Objects on the map:
rule `wall` 4 step to the left and 4 step up
rule `is` 3 step to the left and 4 step up
rule `stop` 2 step to the left and 4 step up
wall 1 step to the right and 4 step up
rule `is` 5 steps to the right and 4 step up
rule `win` 6 steps to the right and 4 step up
wall 1 step to the right and 3 step up
wall 1 step to the right and 2 step up
rule `ball` 3 steps to the right and 2 step up
rule `key` 3 step to the left and 1 step up
wall 1 step to the right and 1 step up
wall 1 step to the right
rule `baba` 4 step to the left and 1 step down
rule `is` 3 step to the left and 1 step down
rule `you` 2 step to the left and 1 step down
wall 1 step to the right and 1 step down
ball 2 steps to the right and 1 step down
wall 1 step to the right and 2 steps down
key 4 steps to the right and 2 steps down",down,,0,False
94,"Active rules:
wall is stop
baba is you

Objects on the map:
rule `wall` 4 step to the left and 4 step up
rule `is` 3 step to the left and 4 step up
rule `stop` 2 step to the left and 4 step up
wall 1 step to the right and 4 step up
rule `is` 5 steps to the right and 4 step up
rule `win` 6 steps to the right and 4 step up
wall 1 step to the right and 3 step up
wall 1 step to the right and 2 step up
rule `ball` 3 steps to the right and 2 step up
rule `key` 3 step to the left and 1 step up
wall 1 step to the right and 1 step up
wall 1 step to the right
rule `baba` 4 step to the left and 1 step down
rule `is` 3 step to the left and 1 step down
rule `you` 2 step to the left and 1 step down
wall 1 step to the right and 1 step down
ball 2 steps to the right and 1 step down
wall 1 step to the right and 2 steps down
key 4 steps to the right and 2 steps down",right,,0,False
95,"Active rules:
wall is stop
baba is you

Objects on the map:
rule `wall` 4 step to the left and 4 step up
rule `is` 3 step to the left and 4 step up
rule `stop` 2 step to the left and 4 step up
wall 1 step to the right and 4 step up
rule `is` 5 steps to the right and 4 step up
rule `win` 6 steps to the right and 4 step up
wall 1 step to the right and 3 step up
wall 1 step to the right and 2 step up
rule `ball` 3 steps to the right and 2 step up
rule `key` 3 step to the left and 1 step up
wall 1 step to the right and 1 step up
wall 1 step to the right
rule `baba` 4 step to the left and 1 step down
rule `is` 3 step to the left and 1 step down
rule `you` 2 step to the left and 1 step down
wall 1 step to the right and 1 step down
ball 2 steps to the right and 1 step down
wall 1 step to the right and 2 steps down
key 4 steps to the right and 2 steps down",right,,0,False
96,"Active rules:
wall is stop
baba is you

Objects on the map:
rule `wall` 4 step to the left and 4 step up
rule `is` 3 step to the left and 4 step up
rule `stop` 2 step to the left and 4 step up
wall 1 step to the right and 4 step up
rule `is` 5 steps to the right and 4 step up
rule `win` 6 steps to the right and 4 step up
wall 1 step to the right and 3 step up
wall 1 step to the right and 2 step up
rule `ball` 3 steps to the right and 2 step up
rule `key` 3 step to the left and 1 step up
wall 1 step to the right and 1 step up
wall 1 step to the right
rule `baba` 4 step to the left and 1 step down
rule `is` 3 step to the left and 1 step down
rule `you` 2 step to the left and 1 step down
wall 1 step to the right and 1 step down
ball 2 steps to the right and 1 step down
wall 1 step to the right and 2 steps down
key 4 steps to the right and 2 steps down",right,,0,False
97,"Active rules:
wall is stop
baba is you

Objects on the map:
rule `wall` 4 step to the left and 5 step up
rule `is` 3 step to the left and 5 step up
rule `stop` 2 step to the left and 5 step up
wall 1 step to the right and 5 step up
rule `is` 5 steps to the right and 5 step up
rule `win` 6 steps to the right and 5 step up
wall 1 step to the right and 4 step up
wall 1 step to the right and 3 step up
rule `ball` 3 steps to the right and 3 step up
rule `key` 3 step to the left and 2 step up
wall 1 step to the right and 2 step up
wall 1 step to the right and 1 step up
rule `baba` 4 step to the left
rule `is` 3 step to the left
rule `you` 2 step to the left
wall 1 step to the right
ball 2 steps to the right
wall 1 step to the right and 1 step down
key 4 steps to the right and 1 step down",down,,0,False
98,"Active rules:
wall is stop
baba is you

Objects on the map:
rule `wall` 4 step to the left and 5 step up
rule `is` 3 step to the left and 5 step up
rule `stop` 2 step to the left and 5 step up
wall 1 step to the right and 5 step up
rule `is` 5 steps to the right and 5 step up
rule `win` 6 steps to the right and 5 step up
wall 1 step to the right and 4 step up
wall 1 step to the right and 3 step up
rule `ball` 3 steps to the right and 3 step up
rule `key` 3 step to the left and 2 step up
wall 1 step to the right and 2 step up
wall 1 step to the right and 1 step up
rule `baba` 4 step to the left
rule `is` 3 step to the left
rule `you` 2 step to the left
wall 1 step to the right
ball 2 steps to the right
wall 1 step to the right and 1 step down
key 4 steps to the right and 1 step down",right,,0,False
99,"Active rules:
wall is stop
baba is you

Objects on the map:
rule `wall` 4 step to the left and 5 step up
rule `is` 3 step to the left and 5 step up
rule `stop` 2 step to the left and 5 step up
wall 1 step to the right and 5 step up
rule `is` 5 steps to the right and 5 step up
rule `win` 6 steps to the right and 5 step up
wall 1 step to the right and 4 step up
wall 1 step to the right and 3 step up
rule `ball` 3 steps to the right and 3 step up
rule `key` 3 step to the left and 2 step up
wall 1 step to the right and 2 step up
wall 1 step to the right and 1 step up
rule `baba` 4 step to the left
rule `is` 3 step to the left
rule `you` 2 step to the left
wall 1 step to the right
ball 2 steps to the right
wall 1 step to the right and 1 step down
key 4 steps to the right and 1 step down",right,,0,False
