Step,Observation,Action,Reasoning,Reward,Done
0,"Active rules:
baba is you

Objects on the map:
key 1 step to the left and 2 step up
wall 3 steps to the right and 2 step up
rule `is` 7 steps to the right and 2 step up
rule `win` 8 steps to the right and 2 step up
rule `wall` 2 step to the left and 1 step up
rule `is` 1 step to the left and 1 step up
wall 3 steps to the right and 1 step up
wall 3 steps to the right
rule `ball` 4 steps to the right
rule `stop` 1 step to the left and 1 step down
wall 3 steps to the right and 1 step down
door 2 steps down
wall 3 steps to the right and 2 steps down
rule `door` 6 steps to the right and 2 steps down
wall 3 steps to the right and 3 steps down
rule `baba` 2 step to the left and 4 steps down
rule `is` 1 step to the left and 4 steps down
rule `you` 4 steps down
wall 3 steps to the right and 4 steps down",right,,0,False
1,"Active rules:
baba is you

Objects on the map:
key 2 step to the left and 2 step up
wall 2 steps to the right and 2 step up
rule `is` 6 steps to the right and 2 step up
rule `win` 7 steps to the right and 2 step up
rule `wall` 3 step to the left and 1 step up
rule `is` 2 step to the left and 1 step up
wall 2 steps to the right and 1 step up
wall 2 steps to the right
rule `ball` 3 steps to the right
rule `stop` 2 step to the left and 1 step down
wall 2 steps to the right and 1 step down
door 1 step to the left and 2 steps down
wall 2 steps to the right and 2 steps down
rule `door` 5 steps to the right and 2 steps down
wall 2 steps to the right and 3 steps down
rule `baba` 3 step to the left and 4 steps down
rule `is` 2 step to the left and 4 steps down
rule `you` 1 step to the left and 4 steps down
wall 2 steps to the right and 4 steps down",right,,0,False
2,"Active rules:
baba is you

Objects on the map:
key 2 step to the left and 1 step up
wall 2 steps to the right and 1 step up
rule `is` 6 steps to the right and 1 step up
rule `win` 7 steps to the right and 1 step up
rule `wall` 3 step to the left
rule `is` 2 step to the left
wall 2 steps to the right
wall 2 steps to the right and 1 step down
rule `ball` 3 steps to the right and 1 step down
rule `stop` 2 step to the left and 2 steps down
wall 2 steps to the right and 2 steps down
door 1 step to the left and 3 steps down
wall 2 steps to the right and 3 steps down
rule `door` 5 steps to the right and 3 steps down
wall 2 steps to the right and 4 steps down
rule `baba` 3 step to the left and 5 steps down
rule `is` 2 step to the left and 5 steps down
rule `you` 1 step to the left and 5 steps down
wall 2 steps to the right and 5 steps down",up,,0,False
3,"Active rules:
baba is you

Objects on the map:
key 1 step to the left and 1 step up
wall 3 steps to the right and 1 step up
rule `is` 7 steps to the right and 1 step up
rule `win` 8 steps to the right and 1 step up
rule `wall` 2 step to the left
rule `is` 1 step to the left
wall 3 steps to the right
wall 3 steps to the right and 1 step down
rule `ball` 4 steps to the right and 1 step down
rule `stop` 1 step to the left and 2 steps down
wall 3 steps to the right and 2 steps down
door 3 steps down
wall 3 steps to the right and 3 steps down
rule `door` 6 steps to the right and 3 steps down
wall 3 steps to the right and 4 steps down
rule `baba` 2 step to the left and 5 steps down
rule `is` 1 step to the left and 5 steps down
rule `you` 5 steps down
wall 3 steps to the right and 5 steps down",left,,0,False
4,"Active rules:
baba is you

Objects on the map:
key 1 step to the left and 1 step up
wall 3 steps to the right and 1 step up
rule `is` 7 steps to the right and 1 step up
rule `win` 8 steps to the right and 1 step up
rule `wall` 2 step to the left
rule `is` 1 step to the left
wall 3 steps to the right
wall 3 steps to the right and 1 step down
rule `ball` 4 steps to the right and 1 step down
rule `stop` 1 step to the left and 2 steps down
wall 3 steps to the right and 2 steps down
door 3 steps down
wall 3 steps to the right and 3 steps down
rule `door` 6 steps to the right and 3 steps down
wall 3 steps to the right and 4 steps down
rule `baba` 2 step to the left and 5 steps down
rule `is` 1 step to the left and 5 steps down
rule `you` 5 steps down
wall 3 steps to the right and 5 steps down",left,,0,False
5,"Active rules:
baba is you

Objects on the map:
key 1 step to the left
wall 3 steps to the right
rule `is` 7 steps to the right
rule `win` 8 steps to the right
rule `wall` 2 step to the left and 1 step down
rule `is` 1 step to the left and 1 step down
wall 3 steps to the right and 1 step down
wall 3 steps to the right and 2 steps down
rule `ball` 4 steps to the right and 2 steps down
rule `stop` 1 step to the left and 3 steps down
wall 3 steps to the right and 3 steps down
door 4 steps down
wall 3 steps to the right and 4 steps down
rule `door` 6 steps to the right and 4 steps down
wall 3 steps to the right and 5 steps down
rule `baba` 2 step to the left and 6 steps down
rule `is` 1 step to the left and 6 steps down
rule `you` 6 steps down
wall 3 steps to the right and 6 steps down",up,,0,False
6,"Active rules:
baba is you

Objects on the map:
wall 4 steps to the right
rule `is` 8 steps to the right
rule `win` 9 steps to the right
rule `wall` 1 step to the left and 1 step down
rule `is` 1 step down
wall 4 steps to the right and 1 step down
wall 4 steps to the right and 2 steps down
rule `ball` 5 steps to the right and 2 steps down
rule `stop` 3 steps down
wall 4 steps to the right and 3 steps down
door 1 step to the right and 4 steps down
wall 4 steps to the right and 4 steps down
rule `door` 7 steps to the right and 4 steps down
wall 4 steps to the right and 5 steps down
rule `baba` 1 step to the left and 6 steps down
rule `is` 6 steps down
rule `you` 1 step to the right and 6 steps down
wall 4 steps to the right and 6 steps down",left,,0,False
7,"Active rules:
baba is you

Objects on the map:
wall 4 steps to the right
rule `is` 8 steps to the right
rule `win` 9 steps to the right
rule `wall` 1 step to the left and 1 step down
rule `is` 1 step down
wall 4 steps to the right and 1 step down
wall 4 steps to the right and 2 steps down
rule `ball` 5 steps to the right and 2 steps down
rule `stop` 3 steps down
wall 4 steps to the right and 3 steps down
door 1 step to the right and 4 steps down
wall 4 steps to the right and 4 steps down
rule `door` 7 steps to the right and 4 steps down
wall 4 steps to the right and 5 steps down
rule `baba` 1 step to the left and 6 steps down
rule `is` 6 steps down
rule `you` 1 step to the right and 6 steps down
wall 4 steps to the right and 6 steps down",up,,0,False
8,"Active rules:
baba is you

Objects on the map:
key 1 step to the right
wall 5 steps to the right
rule `is` 9 steps to the right
rule `win` 10 steps to the right
rule `wall` 1 step down
rule `is` 1 step to the right and 1 step down
wall 5 steps to the right and 1 step down
wall 5 steps to the right and 2 steps down
rule `ball` 6 steps to the right and 2 steps down
rule `stop` 1 step to the right and 3 steps down
wall 5 steps to the right and 3 steps down
door 2 steps to the right and 4 steps down
wall 5 steps to the right and 4 steps down
rule `door` 8 steps to the right and 4 steps down
wall 5 steps to the right and 5 steps down
rule `baba` 6 steps down
rule `is` 1 step to the right and 6 steps down
rule `you` 2 steps to the right and 6 steps down
wall 5 steps to the right and 6 steps down",left,,0,False
9,"Active rules:
baba is you

Objects on the map:
key 1 step to the right
wall 5 steps to the right
rule `is` 9 steps to the right
rule `win` 10 steps to the right
rule `wall` 1 step down
rule `is` 1 step to the right and 1 step down
wall 5 steps to the right and 1 step down
wall 5 steps to the right and 2 steps down
rule `ball` 6 steps to the right and 2 steps down
rule `stop` 1 step to the right and 3 steps down
wall 5 steps to the right and 3 steps down
door 2 steps to the right and 4 steps down
wall 5 steps to the right and 4 steps down
rule `door` 8 steps to the right and 4 steps down
wall 5 steps to the right and 5 steps down
rule `baba` 6 steps down
rule `is` 1 step to the right and 6 steps down
rule `you` 2 steps to the right and 6 steps down
wall 5 steps to the right and 6 steps down",left,,0,False
10,"Active rules:
baba is you

Objects on the map:
wall 4 steps to the right
rule `is` 8 steps to the right
rule `win` 9 steps to the right
rule `wall` 1 step to the left and 1 step down
rule `is` 1 step down
wall 4 steps to the right and 1 step down
wall 4 steps to the right and 2 steps down
rule `ball` 5 steps to the right and 2 steps down
rule `stop` 3 steps down
wall 4 steps to the right and 3 steps down
door 1 step to the right and 4 steps down
wall 4 steps to the right and 4 steps down
rule `door` 7 steps to the right and 4 steps down
wall 4 steps to the right and 5 steps down
rule `baba` 1 step to the left and 6 steps down
rule `is` 6 steps down
rule `you` 1 step to the right and 6 steps down
wall 4 steps to the right and 6 steps down",right,,0,False
11,"Active rules:
baba is you

Objects on the map:
key 1 step up
wall 4 steps to the right and 1 step up
rule `is` 8 steps to the right and 1 step up
rule `win` 9 steps to the right and 1 step up
rule `wall` 1 step to the left
wall 4 steps to the right
rule `is` 1 step down
wall 4 steps to the right and 1 step down
rule `ball` 5 steps to the right and 1 step down
rule `stop` 2 steps down
wall 4 steps to the right and 2 steps down
door 1 step to the right and 3 steps down
wall 4 steps to the right and 3 steps down
rule `door` 7 steps to the right and 3 steps down
wall 4 steps to the right and 4 steps down
rule `baba` 1 step to the left and 5 steps down
rule `is` 5 steps down
rule `you` 1 step to the right and 5 steps down
wall 4 steps to the right and 5 steps down",down,,0,False
12,"Active rules:
baba is you

Objects on the map:
key 1 step up
wall 4 steps to the right and 1 step up
rule `is` 8 steps to the right and 1 step up
rule `win` 9 steps to the right and 1 step up
rule `wall` 1 step to the left
wall 4 steps to the right
rule `is` 1 step down
wall 4 steps to the right and 1 step down
rule `ball` 5 steps to the right and 1 step down
rule `stop` 2 steps down
wall 4 steps to the right and 2 steps down
door 1 step to the right and 3 steps down
wall 4 steps to the right and 3 steps down
rule `door` 7 steps to the right and 3 steps down
wall 4 steps to the right and 4 steps down
rule `baba` 1 step to the left and 5 steps down
rule `is` 5 steps down
rule `you` 1 step to the right and 5 steps down
wall 4 steps to the right and 5 steps down",left,,0,False
13,"Active rules:
baba is you

Objects on the map:
key 2 step up
wall 4 steps to the right and 2 step up
rule `is` 8 steps to the right and 2 step up
rule `win` 9 steps to the right and 2 step up
rule `wall` 1 step to the left and 1 step up
wall 4 steps to the right and 1 step up
wall 4 steps to the right
rule `ball` 5 steps to the right
rule `is` 1 step down
wall 4 steps to the right and 1 step down
rule `stop` 2 steps down
door 1 step to the right and 2 steps down
wall 4 steps to the right and 2 steps down
rule `door` 7 steps to the right and 2 steps down
wall 4 steps to the right and 3 steps down
rule `baba` 1 step to the left and 4 steps down
rule `is` 4 steps down
rule `you` 1 step to the right and 4 steps down
wall 4 steps to the right and 4 steps down",down,,0,False
14,"Active rules:
baba is you

Objects on the map:
key 1 step to the right and 2 step up
wall 5 steps to the right and 2 step up
rule `is` 9 steps to the right and 2 step up
rule `win` 10 steps to the right and 2 step up
rule `wall` 1 step up
wall 5 steps to the right and 1 step up
wall 5 steps to the right
rule `ball` 6 steps to the right
rule `is` 1 step to the right and 1 step down
wall 5 steps to the right and 1 step down
rule `stop` 1 step to the right and 2 steps down
door 2 steps to the right and 2 steps down
wall 5 steps to the right and 2 steps down
rule `door` 8 steps to the right and 2 steps down
wall 5 steps to the right and 3 steps down
rule `baba` 4 steps down
rule `is` 1 step to the right and 4 steps down
rule `you` 2 steps to the right and 4 steps down
wall 5 steps to the right and 4 steps down",left,,0,False
15,"Active rules:
baba is you

Objects on the map:
key 1 step to the right and 3 step up
wall 5 steps to the right and 3 step up
rule `is` 9 steps to the right and 3 step up
rule `win` 10 steps to the right and 3 step up
rule `wall` 2 step up
wall 5 steps to the right and 2 step up
wall 5 steps to the right and 1 step up
rule `ball` 6 steps to the right and 1 step up
rule `is` 1 step to the right
wall 5 steps to the right
rule `stop` 1 step to the right and 1 step down
door 2 steps to the right and 1 step down
wall 5 steps to the right and 1 step down
rule `door` 8 steps to the right and 1 step down
wall 5 steps to the right and 2 steps down
rule `baba` 3 steps down
rule `is` 1 step to the right and 3 steps down
rule `you` 2 steps to the right and 3 steps down
wall 5 steps to the right and 3 steps down",down,,0,False
16,"Active rules:
baba is you

Objects on the map:
key 1 step to the right and 3 step up
wall 5 steps to the right and 3 step up
rule `is` 9 steps to the right and 3 step up
rule `win` 10 steps to the right and 3 step up
rule `wall` 2 step up
wall 5 steps to the right and 2 step up
wall 5 steps to the right and 1 step up
rule `ball` 6 steps to the right and 1 step up
rule `is` 1 step to the right
wall 5 steps to the right
rule `stop` 1 step to the right and 1 step down
door 2 steps to the right and 1 step down
wall 5 steps to the right and 1 step down
rule `door` 8 steps to the right and 1 step down
wall 5 steps to the right and 2 steps down
rule `baba` 3 steps down
rule `is` 1 step to the right and 3 steps down
rule `you` 2 steps to the right and 3 steps down
wall 5 steps to the right and 3 steps down",left,,0,False
17,"Active rules:
baba is you

Objects on the map:
key 3 step up
wall 4 steps to the right and 3 step up
rule `is` 8 steps to the right and 3 step up
rule `win` 9 steps to the right and 3 step up
rule `wall` 1 step to the left and 2 step up
wall 4 steps to the right and 2 step up
wall 4 steps to the right and 1 step up
rule `ball` 5 steps to the right and 1 step up
rule `is` 1 step to the right
wall 4 steps to the right
rule `stop` 1 step down
door 1 step to the right and 1 step down
wall 4 steps to the right and 1 step down
rule `door` 7 steps to the right and 1 step down
wall 4 steps to the right and 2 steps down
rule `baba` 1 step to the left and 3 steps down
rule `is` 3 steps down
rule `you` 1 step to the right and 3 steps down
wall 4 steps to the right and 3 steps down",right,,0,False
18,"Active rules:
baba is you

Objects on the map:
key 4 step up
wall 4 steps to the right and 4 step up
rule `is` 8 steps to the right and 4 step up
rule `win` 9 steps to the right and 4 step up
rule `wall` 1 step to the left and 3 step up
wall 4 steps to the right and 3 step up
wall 4 steps to the right and 2 step up
rule `ball` 5 steps to the right and 2 step up
rule `is` 1 step to the right and 1 step up
wall 4 steps to the right and 1 step up
door 1 step to the right
wall 4 steps to the right
rule `door` 7 steps to the right
rule `stop` 1 step down
wall 4 steps to the right and 1 step down
rule `baba` 1 step to the left and 2 steps down
rule `is` 2 steps down
rule `you` 1 step to the right and 2 steps down
wall 4 steps to the right and 2 steps down",down,,0,False
19,"Active rules:
baba is you

Objects on the map:
key 1 step to the left and 4 step up
wall 3 steps to the right and 4 step up
rule `is` 7 steps to the right and 4 step up
rule `win` 8 steps to the right and 4 step up
rule `wall` 2 step to the left and 3 step up
wall 3 steps to the right and 3 step up
wall 3 steps to the right and 2 step up
rule `ball` 4 steps to the right and 2 step up
rule `is` 1 step up
wall 3 steps to the right and 1 step up
wall 3 steps to the right
rule `door` 6 steps to the right
rule `stop` 1 step to the left and 1 step down
wall 3 steps to the right and 1 step down
rule `baba` 2 step to the left and 2 steps down
rule `is` 1 step to the left and 2 steps down
rule `you` 2 steps down
wall 3 steps to the right and 2 steps down",right,,0,False
20,"Active rules:
baba is you

Objects on the map:
key 2 step to the left and 4 step up
wall 2 steps to the right and 4 step up
rule `is` 6 steps to the right and 4 step up
rule `win` 7 steps to the right and 4 step up
rule `wall` 3 step to the left and 3 step up
wall 2 steps to the right and 3 step up
wall 2 steps to the right and 2 step up
rule `ball` 3 steps to the right and 2 step up
rule `is` 1 step to the left and 1 step up
wall 2 steps to the right and 1 step up
door 1 step to the left
wall 2 steps to the right
rule `door` 5 steps to the right
rule `stop` 2 step to the left and 1 step down
wall 2 steps to the right and 1 step down
rule `baba` 3 step to the left and 2 steps down
rule `is` 2 step to the left and 2 steps down
rule `you` 1 step to the left and 2 steps down
wall 2 steps to the right and 2 steps down",right,,0,False
21,"Active rules:
baba is you

Objects on the map:
key 3 step to the left and 4 step up
wall 1 step to the right and 4 step up
rule `is` 5 steps to the right and 4 step up
rule `win` 6 steps to the right and 4 step up
rule `wall` 4 step to the left and 3 step up
wall 1 step to the right and 3 step up
wall 1 step to the right and 2 step up
rule `ball` 2 steps to the right and 2 step up
rule `is` 2 step to the left and 1 step up
wall 1 step to the right and 1 step up
door 2 step to the left
wall 1 step to the right
rule `door` 4 steps to the right
rule `stop` 3 step to the left and 1 step down
wall 1 step to the right and 1 step down
rule `baba` 4 step to the left and 2 steps down
rule `is` 3 step to the left and 2 steps down
rule `you` 2 step to the left and 2 steps down
wall 1 step to the right and 2 steps down",right,,0,False
22,"Active rules:
baba is you

Objects on the map:
key 4 step to the left and 4 step up
wall 4 step up
rule `is` 4 steps to the right and 4 step up
rule `win` 5 steps to the right and 4 step up
rule `wall` 5 step to the left and 3 step up
wall 3 step up
wall 2 step up
rule `ball` 1 step to the right and 2 step up
rule `is` 3 step to the left and 1 step up
wall 1 step up
door 3 step to the left
rule `door` 3 steps to the right
rule `stop` 4 step to the left and 1 step down
wall 1 step down
rule `baba` 5 step to the left and 2 steps down
rule `is` 4 step to the left and 2 steps down
rule `you` 3 step to the left and 2 steps down
wall 2 steps down",right,,0,False
23,"Active rules:
baba is you

Objects on the map:
key 4 step to the left and 5 step up
wall 5 step up
rule `is` 4 steps to the right and 5 step up
rule `win` 5 steps to the right and 5 step up
rule `wall` 5 step to the left and 4 step up
wall 4 step up
wall 3 step up
rule `ball` 1 step to the right and 3 step up
rule `is` 3 step to the left and 2 step up
wall 2 step up
door 3 step to the left and 1 step up
wall 1 step up
rule `door` 3 steps to the right and 1 step up
rule `stop` 4 step to the left
rule `baba` 5 step to the left and 1 step down
rule `is` 4 step to the left and 1 step down
rule `you` 3 step to the left and 1 step down
wall 1 step down",down,,0,False
24,"Active rules:
baba is you

Objects on the map:
key 5 step to the left and 5 step up
wall 1 step to the left and 5 step up
rule `is` 3 steps to the right and 5 step up
rule `win` 4 steps to the right and 5 step up
rule `wall` 6 step to the left and 4 step up
wall 1 step to the left and 4 step up
wall 1 step to the left and 3 step up
rule `ball` 3 step up
rule `is` 4 step to the left and 2 step up
wall 1 step to the left and 2 step up
door 4 step to the left and 1 step up
wall 1 step to the left and 1 step up
rule `door` 2 steps to the right and 1 step up
rule `stop` 5 step to the left
wall 1 step to the left
rule `baba` 6 step to the left and 1 step down
rule `is` 5 step to the left and 1 step down
rule `you` 4 step to the left and 1 step down
wall 1 step to the left and 1 step down",right,,0,False
25,"Active rules:
baba is you

Objects on the map:
key 6 step to the left and 5 step up
wall 2 step to the left and 5 step up
rule `is` 2 steps to the right and 5 step up
rule `win` 3 steps to the right and 5 step up
rule `wall` 7 step to the left and 4 step up
wall 2 step to the left and 4 step up
wall 2 step to the left and 3 step up
rule `ball` 1 step to the left and 3 step up
rule `is` 5 step to the left and 2 step up
wall 2 step to the left and 2 step up
door 5 step to the left and 1 step up
wall 2 step to the left and 1 step up
rule `door` 1 step to the right and 1 step up
rule `stop` 6 step to the left
wall 2 step to the left
rule `baba` 7 step to the left and 1 step down
rule `is` 6 step to the left and 1 step down
rule `you` 5 step to the left and 1 step down
wall 2 step to the left and 1 step down",right,,0,False
26,"Active rules:
baba is you

Objects on the map:
key 7 step to the left and 5 step up
wall 3 step to the left and 5 step up
rule `is` 1 step to the right and 5 step up
rule `win` 2 steps to the right and 5 step up
rule `wall` 8 step to the left and 4 step up
wall 3 step to the left and 4 step up
wall 3 step to the left and 3 step up
rule `ball` 2 step to the left and 3 step up
rule `is` 6 step to the left and 2 step up
wall 3 step to the left and 2 step up
door 6 step to the left and 1 step up
wall 3 step to the left and 1 step up
rule `door` 1 step up
rule `stop` 7 step to the left
wall 3 step to the left
rule `baba` 8 step to the left and 1 step down
rule `is` 7 step to the left and 1 step down
rule `you` 6 step to the left and 1 step down
wall 3 step to the left and 1 step down",right,,0,False
27,"Active rules:
baba is you

Objects on the map:
key 8 step to the left and 5 step up
wall 4 step to the left and 5 step up
rule `is` 5 step up
rule `win` 1 step to the right and 5 step up
rule `wall` 9 step to the left and 4 step up
wall 4 step to the left and 4 step up
wall 4 step to the left and 3 step up
rule `ball` 3 step to the left and 3 step up
rule `is` 7 step to the left and 2 step up
wall 4 step to the left and 2 step up
door 7 step to the left and 1 step up
wall 4 step to the left and 1 step up
rule `door` 1 step to the left and 1 step up
rule `stop` 8 step to the left
wall 4 step to the left
rule `baba` 9 step to the left and 1 step down
rule `is` 8 step to the left and 1 step down
rule `you` 7 step to the left and 1 step down
wall 4 step to the left and 1 step down",right,,0,False
28,"Active rules:
baba is you

Objects on the map:
key 8 step to the left and 4 step up
wall 4 step to the left and 4 step up
rule `is` 4 step up
rule `win` 1 step to the right and 4 step up
rule `wall` 9 step to the left and 3 step up
wall 4 step to the left and 3 step up
wall 4 step to the left and 2 step up
rule `ball` 3 step to the left and 2 step up
rule `is` 7 step to the left and 1 step up
wall 4 step to the left and 1 step up
door 7 step to the left
wall 4 step to the left
rule `door` 1 step to the left
rule `stop` 8 step to the left and 1 step down
wall 4 step to the left and 1 step down
rule `baba` 9 step to the left and 2 steps down
rule `is` 8 step to the left and 2 steps down
rule `you` 7 step to the left and 2 steps down
wall 4 step to the left and 2 steps down",up,,0,False
29,"Active rules:
baba is you

Objects on the map:
key 7 step to the left and 4 step up
wall 3 step to the left and 4 step up
rule `is` 1 step to the right and 4 step up
rule `win` 2 steps to the right and 4 step up
rule `wall` 8 step to the left and 3 step up
wall 3 step to the left and 3 step up
wall 3 step to the left and 2 step up
rule `ball` 2 step to the left and 2 step up
rule `is` 6 step to the left and 1 step up
wall 3 step to the left and 1 step up
door 6 step to the left
wall 3 step to the left
rule `door` 1 step to the left
rule `stop` 7 step to the left and 1 step down
wall 3 step to the left and 1 step down
rule `baba` 8 step to the left and 2 steps down
rule `is` 7 step to the left and 2 steps down
rule `you` 6 step to the left and 2 steps down
wall 3 step to the left and 2 steps down",left,,0,False
30,"Active rules:
baba is you

Objects on the map:
key 6 step to the left and 4 step up
wall 2 step to the left and 4 step up
rule `is` 2 steps to the right and 4 step up
rule `win` 3 steps to the right and 4 step up
rule `wall` 7 step to the left and 3 step up
wall 2 step to the left and 3 step up
wall 2 step to the left and 2 step up
rule `ball` 1 step to the left and 2 step up
rule `is` 5 step to the left and 1 step up
wall 2 step to the left and 1 step up
door 5 step to the left
wall 2 step to the left
rule `door` 1 step to the left
rule `stop` 6 step to the left and 1 step down
wall 2 step to the left and 1 step down
rule `baba` 7 step to the left and 2 steps down
rule `is` 6 step to the left and 2 steps down
rule `you` 5 step to the left and 2 steps down
wall 2 step to the left and 2 steps down",left,,0,False
31,"Active rules:
baba is you

Objects on the map:
key 5 step to the left and 4 step up
wall 1 step to the left and 4 step up
rule `is` 3 steps to the right and 4 step up
rule `win` 4 steps to the right and 4 step up
rule `wall` 6 step to the left and 3 step up
wall 1 step to the left and 3 step up
wall 1 step to the left and 2 step up
rule `ball` 2 step up
rule `is` 4 step to the left and 1 step up
wall 1 step to the left and 1 step up
door 4 step to the left
rule `door` 1 step to the left
rule `stop` 5 step to the left and 1 step down
wall 1 step to the left and 1 step down
rule `baba` 6 step to the left and 2 steps down
rule `is` 5 step to the left and 2 steps down
rule `you` 4 step to the left and 2 steps down
wall 1 step to the left and 2 steps down",left,,0,False
32,"Active rules:
baba is you

Objects on the map:
key 4 step to the left and 4 step up
wall 4 step up
rule `is` 4 steps to the right and 4 step up
rule `win` 5 steps to the right and 4 step up
rule `wall` 5 step to the left and 3 step up
wall 3 step up
wall 2 step up
rule `ball` 1 step to the right and 2 step up
rule `is` 3 step to the left and 1 step up
wall 1 step up
door 3 step to the left
rule `door` 1 step to the left
rule `stop` 4 step to the left and 1 step down
wall 1 step down
rule `baba` 5 step to the left and 2 steps down
rule `is` 4 step to the left and 2 steps down
rule `you` 3 step to the left and 2 steps down
wall 2 steps down",left,,0,False
33,"Active rules:
baba is you

Objects on the map:
key 4 step to the left and 3 step up
wall 3 step up
rule `is` 4 steps to the right and 3 step up
rule `win` 5 steps to the right and 3 step up
rule `wall` 5 step to the left and 2 step up
wall 2 step up
wall 1 step up
rule `ball` 1 step to the right and 1 step up
rule `is` 3 step to the left
door 3 step to the left and 1 step down
rule `door` 1 step to the left and 1 step down
wall 1 step down
rule `stop` 4 step to the left and 2 steps down
wall 2 steps down
rule `baba` 5 step to the left and 3 steps down
rule `is` 4 step to the left and 3 steps down
rule `you` 3 step to the left and 3 steps down
wall 3 steps down",up,,0,False
34,"Active rules:
baba is you

Objects on the map:
key 3 step to the left and 3 step up
wall 1 step to the right and 3 step up
rule `is` 5 steps to the right and 3 step up
rule `win` 6 steps to the right and 3 step up
rule `wall` 4 step to the left and 2 step up
wall 1 step to the right and 2 step up
wall 1 step to the right and 1 step up
rule `ball` 2 steps to the right and 1 step up
rule `is` 2 step to the left
wall 1 step to the right
door 2 step to the left and 1 step down
rule `door` 1 step down
wall 1 step to the right and 1 step down
rule `stop` 3 step to the left and 2 steps down
wall 1 step to the right and 2 steps down
rule `baba` 4 step to the left and 3 steps down
rule `is` 3 step to the left and 3 steps down
rule `you` 2 step to the left and 3 steps down
wall 1 step to the right and 3 steps down",left,,0,False
35,"Active rules:
baba is you

Objects on the map:
key 2 step to the left and 3 step up
wall 2 steps to the right and 3 step up
rule `is` 6 steps to the right and 3 step up
rule `win` 7 steps to the right and 3 step up
rule `wall` 3 step to the left and 2 step up
wall 2 steps to the right and 2 step up
wall 2 steps to the right and 1 step up
rule `ball` 3 steps to the right and 1 step up
rule `is` 1 step to the left
wall 2 steps to the right
door 1 step to the left and 1 step down
rule `door` 1 step to the right and 1 step down
wall 2 steps to the right and 1 step down
rule `stop` 2 step to the left and 2 steps down
wall 2 steps to the right and 2 steps down
rule `baba` 3 step to the left and 3 steps down
rule `is` 2 step to the left and 3 steps down
rule `you` 1 step to the left and 3 steps down
wall 2 steps to the right and 3 steps down",left,,0,False
36,"Active rules:
baba is you

Objects on the map:
key 1 step to the left and 3 step up
wall 3 steps to the right and 3 step up
rule `is` 7 steps to the right and 3 step up
rule `win` 8 steps to the right and 3 step up
rule `wall` 2 step to the left and 2 step up
wall 3 steps to the right and 2 step up
wall 3 steps to the right and 1 step up
rule `ball` 4 steps to the right and 1 step up
rule `is` 1 step to the left
wall 3 steps to the right
door 1 step down
rule `door` 2 steps to the right and 1 step down
wall 3 steps to the right and 1 step down
rule `stop` 1 step to the left and 2 steps down
wall 3 steps to the right and 2 steps down
rule `baba` 2 step to the left and 3 steps down
rule `is` 1 step to the left and 3 steps down
rule `you` 3 steps down
wall 3 steps to the right and 3 steps down",left,,0,False
37,"Active rules:
baba is you

Objects on the map:
key 1 step to the left and 2 step up
wall 3 steps to the right and 2 step up
rule `is` 7 steps to the right and 2 step up
rule `win` 8 steps to the right and 2 step up
rule `wall` 2 step to the left and 1 step up
wall 3 steps to the right and 1 step up
wall 3 steps to the right
rule `ball` 4 steps to the right
rule `is` 1 step to the left and 1 step down
wall 3 steps to the right and 1 step down
door 2 steps down
rule `door` 2 steps to the right and 2 steps down
wall 3 steps to the right and 2 steps down
rule `stop` 1 step to the left and 3 steps down
wall 3 steps to the right and 3 steps down
rule `baba` 2 step to the left and 4 steps down
rule `is` 1 step to the left and 4 steps down
rule `you` 4 steps down
wall 3 steps to the right and 4 steps down",up,,0,False
38,"Active rules:
baba is you

Objects on the map:
key 2 step up
wall 4 steps to the right and 2 step up
rule `is` 8 steps to the right and 2 step up
rule `win` 9 steps to the right and 2 step up
rule `wall` 1 step to the left and 1 step up
wall 4 steps to the right and 1 step up
wall 4 steps to the right
rule `ball` 5 steps to the right
rule `is` 1 step down
wall 4 steps to the right and 1 step down
door 1 step to the right and 2 steps down
rule `door` 3 steps to the right and 2 steps down
wall 4 steps to the right and 2 steps down
rule `stop` 3 steps down
wall 4 steps to the right and 3 steps down
rule `baba` 1 step to the left and 4 steps down
rule `is` 4 steps down
rule `you` 1 step to the right and 4 steps down
wall 4 steps to the right and 4 steps down",left,,0,False
39,"Active rules:
baba is you

Objects on the map:
key 1 step up
wall 4 steps to the right and 1 step up
rule `is` 8 steps to the right and 1 step up
rule `win` 9 steps to the right and 1 step up
rule `wall` 1 step to the left
wall 4 steps to the right
wall 4 steps to the right and 1 step down
rule `ball` 5 steps to the right and 1 step down
rule `is` 2 steps down
wall 4 steps to the right and 2 steps down
door 1 step to the right and 3 steps down
rule `door` 3 steps to the right and 3 steps down
wall 4 steps to the right and 3 steps down
rule `stop` 4 steps down
wall 4 steps to the right and 4 steps down
rule `baba` 1 step to the left and 5 steps down
rule `is` 5 steps down
rule `you` 1 step to the right and 5 steps down
wall 4 steps to the right and 5 steps down",up,,0,False
40,"Active rules:
baba is you

Objects on the map:
wall 4 steps to the right
rule `is` 8 steps to the right
rule `win` 9 steps to the right
rule `wall` 1 step to the left and 1 step down
wall 4 steps to the right and 1 step down
wall 4 steps to the right and 2 steps down
rule `ball` 5 steps to the right and 2 steps down
rule `is` 3 steps down
wall 4 steps to the right and 3 steps down
door 1 step to the right and 4 steps down
rule `door` 3 steps to the right and 4 steps down
wall 4 steps to the right and 4 steps down
rule `stop` 5 steps down
wall 4 steps to the right and 5 steps down
rule `baba` 1 step to the left and 6 steps down
rule `is` 6 steps down
rule `you` 1 step to the right and 6 steps down
wall 4 steps to the right and 6 steps down",up,,0,False
41,"Active rules:
baba is you

Objects on the map:
key 1 step to the right
wall 5 steps to the right
rule `is` 9 steps to the right
rule `win` 10 steps to the right
rule `wall` 1 step down
wall 5 steps to the right and 1 step down
wall 5 steps to the right and 2 steps down
rule `ball` 6 steps to the right and 2 steps down
rule `is` 1 step to the right and 3 steps down
wall 5 steps to the right and 3 steps down
door 2 steps to the right and 4 steps down
rule `door` 4 steps to the right and 4 steps down
wall 5 steps to the right and 4 steps down
rule `stop` 1 step to the right and 5 steps down
wall 5 steps to the right and 5 steps down
rule `baba` 6 steps down
rule `is` 1 step to the right and 6 steps down
rule `you` 2 steps to the right and 6 steps down
wall 5 steps to the right and 6 steps down",left,,0,False
42,"Active rules:
baba is you

Objects on the map:
wall 4 steps to the right
rule `is` 8 steps to the right
rule `win` 9 steps to the right
rule `wall` 1 step to the left and 1 step down
wall 4 steps to the right and 1 step down
wall 4 steps to the right and 2 steps down
rule `ball` 5 steps to the right and 2 steps down
rule `is` 3 steps down
wall 4 steps to the right and 3 steps down
door 1 step to the right and 4 steps down
rule `door` 3 steps to the right and 4 steps down
wall 4 steps to the right and 4 steps down
rule `stop` 5 steps down
wall 4 steps to the right and 5 steps down
rule `baba` 1 step to the left and 6 steps down
rule `is` 6 steps down
rule `you` 1 step to the right and 6 steps down
wall 4 steps to the right and 6 steps down",right,,0,False
43,"Active rules:
baba is you

Objects on the map:
key 1 step to the left
wall 3 steps to the right
rule `is` 7 steps to the right
rule `win` 8 steps to the right
rule `wall` 2 step to the left and 1 step down
wall 3 steps to the right and 1 step down
wall 3 steps to the right and 2 steps down
rule `ball` 4 steps to the right and 2 steps down
rule `is` 1 step to the left and 3 steps down
wall 3 steps to the right and 3 steps down
door 4 steps down
rule `door` 2 steps to the right and 4 steps down
wall 3 steps to the right and 4 steps down
rule `stop` 1 step to the left and 5 steps down
wall 3 steps to the right and 5 steps down
rule `baba` 2 step to the left and 6 steps down
rule `is` 1 step to the left and 6 steps down
rule `you` 6 steps down
wall 3 steps to the right and 6 steps down",right,,0,False
44,"Active rules:
baba is you

Objects on the map:
key 2 step to the left
wall 2 steps to the right
rule `is` 6 steps to the right
rule `win` 7 steps to the right
rule `wall` 3 step to the left and 1 step down
wall 2 steps to the right and 1 step down
wall 2 steps to the right and 2 steps down
rule `ball` 3 steps to the right and 2 steps down
rule `is` 2 step to the left and 3 steps down
wall 2 steps to the right and 3 steps down
door 1 step to the left and 4 steps down
rule `door` 1 step to the right and 4 steps down
wall 2 steps to the right and 4 steps down
rule `stop` 2 step to the left and 5 steps down
wall 2 steps to the right and 5 steps down
rule `baba` 3 step to the left and 6 steps down
rule `is` 2 step to the left and 6 steps down
rule `you` 1 step to the left and 6 steps down
wall 2 steps to the right and 6 steps down",right,,0,False
45,"Active rules:
baba is you

Objects on the map:
key 3 step to the left
wall 1 step to the right
rule `is` 5 steps to the right
rule `win` 6 steps to the right
rule `wall` 4 step to the left and 1 step down
wall 1 step to the right and 1 step down
wall 1 step to the right and 2 steps down
rule `ball` 2 steps to the right and 2 steps down
rule `is` 3 step to the left and 3 steps down
wall 1 step to the right and 3 steps down
door 2 step to the left and 4 steps down
rule `door` 4 steps down
wall 1 step to the right and 4 steps down
rule `stop` 3 step to the left and 5 steps down
wall 1 step to the right and 5 steps down
rule `baba` 4 step to the left and 6 steps down
rule `is` 3 step to the left and 6 steps down
rule `you` 2 step to the left and 6 steps down
wall 1 step to the right and 6 steps down",right,,0,False
46,"Active rules:
baba is you

Objects on the map:
key 4 step to the left
rule `is` 4 steps to the right
rule `win` 5 steps to the right
rule `wall` 5 step to the left and 1 step down
wall 1 step down
wall 2 steps down
rule `ball` 1 step to the right and 2 steps down
rule `is` 4 step to the left and 3 steps down
wall 3 steps down
door 3 step to the left and 4 steps down
rule `door` 1 step to the left and 4 steps down
wall 4 steps down
rule `stop` 4 step to the left and 5 steps down
wall 5 steps down
rule `baba` 5 step to the left and 6 steps down
rule `is` 4 step to the left and 6 steps down
rule `you` 3 step to the left and 6 steps down
wall 6 steps down",right,,0,False
47,"Active rules:
baba is you

Objects on the map:
key 4 step to the left and 1 step up
wall 1 step up
rule `is` 4 steps to the right and 1 step up
rule `win` 5 steps to the right and 1 step up
rule `wall` 5 step to the left
wall 1 step down
rule `ball` 1 step to the right and 1 step down
rule `is` 4 step to the left and 2 steps down
wall 2 steps down
door 3 step to the left and 3 steps down
rule `door` 1 step to the left and 3 steps down
wall 3 steps down
rule `stop` 4 step to the left and 4 steps down
wall 4 steps down
rule `baba` 5 step to the left and 5 steps down
rule `is` 4 step to the left and 5 steps down
rule `you` 3 step to the left and 5 steps down
wall 5 steps down",down,,0,False
48,"Active rules:
baba is you

Objects on the map:
key 5 step to the left and 1 step up
wall 1 step to the left and 1 step up
rule `is` 3 steps to the right and 1 step up
rule `win` 4 steps to the right and 1 step up
rule `wall` 6 step to the left
wall 1 step to the left
wall 1 step to the left and 1 step down
rule `ball` 1 step down
rule `is` 5 step to the left and 2 steps down
wall 1 step to the left and 2 steps down
door 4 step to the left and 3 steps down
rule `door` 2 step to the left and 3 steps down
wall 1 step to the left and 3 steps down
rule `stop` 5 step to the left and 4 steps down
wall 1 step to the left and 4 steps down
rule `baba` 6 step to the left and 5 steps down
rule `is` 5 step to the left and 5 steps down
rule `you` 4 step to the left and 5 steps down
wall 1 step to the left and 5 steps down",right,,0,False
49,"Active rules:
baba is you

Objects on the map:
key 5 step to the left and 2 step up
wall 1 step to the left and 2 step up
rule `is` 3 steps to the right and 2 step up
rule `win` 4 steps to the right and 2 step up
rule `wall` 6 step to the left and 1 step up
wall 1 step to the left and 1 step up
wall 1 step to the left
rule `is` 5 step to the left and 1 step down
wall 1 step to the left and 1 step down
rule `ball` 1 step down
door 4 step to the left and 2 steps down
rule `door` 2 step to the left and 2 steps down
wall 1 step to the left and 2 steps down
rule `stop` 5 step to the left and 3 steps down
wall 1 step to the left and 3 steps down
rule `baba` 6 step to the left and 4 steps down
rule `is` 5 step to the left and 4 steps down
rule `you` 4 step to the left and 4 steps down
wall 1 step to the left and 4 steps down",down,,0,False
50,"Active rules:
baba is you

Objects on the map:
key 6 step to the left and 2 step up
wall 2 step to the left and 2 step up
rule `is` 2 steps to the right and 2 step up
rule `win` 3 steps to the right and 2 step up
rule `wall` 7 step to the left and 1 step up
wall 2 step to the left and 1 step up
wall 2 step to the left
rule `is` 6 step to the left and 1 step down
wall 2 step to the left and 1 step down
rule `ball` 1 step to the left and 1 step down
door 5 step to the left and 2 steps down
rule `door` 3 step to the left and 2 steps down
wall 2 step to the left and 2 steps down
rule `stop` 6 step to the left and 3 steps down
wall 2 step to the left and 3 steps down
rule `baba` 7 step to the left and 4 steps down
rule `is` 6 step to the left and 4 steps down
rule `you` 5 step to the left and 4 steps down
wall 2 step to the left and 4 steps down",right,,0,False
51,"Active rules:
baba is you

Objects on the map:
key 7 step to the left and 2 step up
wall 3 step to the left and 2 step up
rule `is` 1 step to the right and 2 step up
rule `win` 2 steps to the right and 2 step up
rule `wall` 8 step to the left and 1 step up
wall 3 step to the left and 1 step up
wall 3 step to the left
rule `is` 7 step to the left and 1 step down
wall 3 step to the left and 1 step down
rule `ball` 2 step to the left and 1 step down
door 6 step to the left and 2 steps down
rule `door` 4 step to the left and 2 steps down
wall 3 step to the left and 2 steps down
rule `stop` 7 step to the left and 3 steps down
wall 3 step to the left and 3 steps down
rule `baba` 8 step to the left and 4 steps down
rule `is` 7 step to the left and 4 steps down
rule `you` 6 step to the left and 4 steps down
wall 3 step to the left and 4 steps down",right,,0,False
52,"Active rules:
baba is you

Objects on the map:
key 8 step to the left and 2 step up
wall 4 step to the left and 2 step up
rule `is` 2 step up
rule `win` 1 step to the right and 2 step up
rule `wall` 9 step to the left and 1 step up
wall 4 step to the left and 1 step up
wall 4 step to the left
rule `is` 8 step to the left and 1 step down
wall 4 step to the left and 1 step down
rule `ball` 3 step to the left and 1 step down
door 7 step to the left and 2 steps down
rule `door` 5 step to the left and 2 steps down
wall 4 step to the left and 2 steps down
rule `stop` 8 step to the left and 3 steps down
wall 4 step to the left and 3 steps down
rule `baba` 9 step to the left and 4 steps down
rule `is` 8 step to the left and 4 steps down
rule `you` 7 step to the left and 4 steps down
wall 4 step to the left and 4 steps down",right,,0,False
53,"Active rules:
baba is you

Objects on the map:
key 8 step to the left and 1 step up
wall 4 step to the left and 1 step up
rule `is` 1 step up
rule `win` 1 step to the right and 1 step up
rule `wall` 9 step to the left
wall 4 step to the left
wall 4 step to the left and 1 step down
rule `is` 8 step to the left and 2 steps down
wall 4 step to the left and 2 steps down
rule `ball` 3 step to the left and 2 steps down
door 7 step to the left and 3 steps down
rule `door` 5 step to the left and 3 steps down
wall 4 step to the left and 3 steps down
rule `stop` 8 step to the left and 4 steps down
wall 4 step to the left and 4 steps down
rule `baba` 9 step to the left and 5 steps down
rule `is` 8 step to the left and 5 steps down
rule `you` 7 step to the left and 5 steps down
wall 4 step to the left and 5 steps down",up,,0,False
54,"Active rules:
baba is you

Objects on the map:
key 8 step to the left and 1 step up
wall 4 step to the left and 1 step up
rule `is` 1 step up
rule `win` 1 step to the right and 1 step up
rule `wall` 9 step to the left
wall 4 step to the left
wall 4 step to the left and 1 step down
rule `is` 8 step to the left and 2 steps down
wall 4 step to the left and 2 steps down
rule `ball` 3 step to the left and 2 steps down
door 7 step to the left and 3 steps down
rule `door` 5 step to the left and 3 steps down
wall 4 step to the left and 3 steps down
rule `stop` 8 step to the left and 4 steps down
wall 4 step to the left and 4 steps down
rule `baba` 9 step to the left and 5 steps down
rule `is` 8 step to the left and 5 steps down
rule `you` 7 step to the left and 5 steps down
wall 4 step to the left and 5 steps down",up,,0,False
55,"Active rules:
baba is you

Objects on the map:
key 9 step to the left and 1 step up
wall 5 step to the left and 1 step up
rule `is` 1 step to the left and 1 step up
rule `win` 1 step up
rule `wall` 10 step to the left
wall 5 step to the left
wall 5 step to the left and 1 step down
rule `is` 9 step to the left and 2 steps down
wall 5 step to the left and 2 steps down
rule `ball` 4 step to the left and 2 steps down
door 8 step to the left and 3 steps down
rule `door` 6 step to the left and 3 steps down
wall 5 step to the left and 3 steps down
rule `stop` 9 step to the left and 4 steps down
wall 5 step to the left and 4 steps down
rule `baba` 10 step to the left and 5 steps down
rule `is` 9 step to the left and 5 steps down
rule `you` 8 step to the left and 5 steps down
wall 5 step to the left and 5 steps down",right,,0,False
56,"Active rules:
baba is you

Objects on the map:
key 9 step to the left and 1 step up
wall 5 step to the left and 1 step up
rule `is` 1 step to the left and 1 step up
rule `win` 1 step up
rule `wall` 10 step to the left
wall 5 step to the left
wall 5 step to the left and 1 step down
rule `is` 9 step to the left and 2 steps down
wall 5 step to the left and 2 steps down
rule `ball` 4 step to the left and 2 steps down
door 8 step to the left and 3 steps down
rule `door` 6 step to the left and 3 steps down
wall 5 step to the left and 3 steps down
rule `stop` 9 step to the left and 4 steps down
wall 5 step to the left and 4 steps down
rule `baba` 10 step to the left and 5 steps down
rule `is` 9 step to the left and 5 steps down
rule `you` 8 step to the left and 5 steps down
wall 5 step to the left and 5 steps down",up,,0,False
57,"Active rules:
baba is you

Objects on the map:
key 9 step to the left and 1 step up
wall 5 step to the left and 1 step up
rule `is` 1 step to the left and 1 step up
rule `win` 1 step up
rule `wall` 10 step to the left
wall 5 step to the left
wall 5 step to the left and 1 step down
rule `is` 9 step to the left and 2 steps down
wall 5 step to the left and 2 steps down
rule `ball` 4 step to the left and 2 steps down
door 8 step to the left and 3 steps down
rule `door` 6 step to the left and 3 steps down
wall 5 step to the left and 3 steps down
rule `stop` 9 step to the left and 4 steps down
wall 5 step to the left and 4 steps down
rule `baba` 10 step to the left and 5 steps down
rule `is` 9 step to the left and 5 steps down
rule `you` 8 step to the left and 5 steps down
wall 5 step to the left and 5 steps down",right,,0,False
58,"Active rules:
baba is you

Objects on the map:
key 9 step to the left and 1 step up
wall 5 step to the left and 1 step up
rule `is` 1 step to the left and 1 step up
rule `win` 1 step up
rule `wall` 10 step to the left
wall 5 step to the left
wall 5 step to the left and 1 step down
rule `is` 9 step to the left and 2 steps down
wall 5 step to the left and 2 steps down
rule `ball` 4 step to the left and 2 steps down
door 8 step to the left and 3 steps down
rule `door` 6 step to the left and 3 steps down
wall 5 step to the left and 3 steps down
rule `stop` 9 step to the left and 4 steps down
wall 5 step to the left and 4 steps down
rule `baba` 10 step to the left and 5 steps down
rule `is` 9 step to the left and 5 steps down
rule `you` 8 step to the left and 5 steps down
wall 5 step to the left and 5 steps down",right,,0,False
59,"Active rules:
baba is you

Objects on the map:
key 9 step to the left and 2 step up
wall 5 step to the left and 2 step up
rule `is` 1 step to the left and 2 step up
rule `win` 2 step up
rule `wall` 10 step to the left and 1 step up
wall 5 step to the left and 1 step up
wall 5 step to the left
rule `is` 9 step to the left and 1 step down
wall 5 step to the left and 1 step down
rule `ball` 4 step to the left and 1 step down
door 8 step to the left and 2 steps down
rule `door` 6 step to the left and 2 steps down
wall 5 step to the left and 2 steps down
rule `stop` 9 step to the left and 3 steps down
wall 5 step to the left and 3 steps down
rule `baba` 10 step to the left and 4 steps down
rule `is` 9 step to the left and 4 steps down
rule `you` 8 step to the left and 4 steps down
wall 5 step to the left and 4 steps down",down,,0,False
60,"Active rules:
baba is you

Objects on the map:
key 8 step to the left and 2 step up
wall 4 step to the left and 2 step up
rule `is` 2 step up
rule `win` 1 step to the right and 2 step up
rule `wall` 9 step to the left and 1 step up
wall 4 step to the left and 1 step up
wall 4 step to the left
rule `is` 8 step to the left and 1 step down
wall 4 step to the left and 1 step down
rule `ball` 3 step to the left and 1 step down
door 7 step to the left and 2 steps down
rule `door` 5 step to the left and 2 steps down
wall 4 step to the left and 2 steps down
rule `stop` 8 step to the left and 3 steps down
wall 4 step to the left and 3 steps down
rule `baba` 9 step to the left and 4 steps down
rule `is` 8 step to the left and 4 steps down
rule `you` 7 step to the left and 4 steps down
wall 4 step to the left and 4 steps down",left,,0,False
61,"Active rules:
baba is you

Objects on the map:
key 7 step to the left and 2 step up
wall 3 step to the left and 2 step up
rule `is` 1 step to the right and 2 step up
rule `win` 2 steps to the right and 2 step up
rule `wall` 8 step to the left and 1 step up
wall 3 step to the left and 1 step up
wall 3 step to the left
rule `is` 7 step to the left and 1 step down
wall 3 step to the left and 1 step down
rule `ball` 2 step to the left and 1 step down
door 6 step to the left and 2 steps down
rule `door` 4 step to the left and 2 steps down
wall 3 step to the left and 2 steps down
rule `stop` 7 step to the left and 3 steps down
wall 3 step to the left and 3 steps down
rule `baba` 8 step to the left and 4 steps down
rule `is` 7 step to the left and 4 steps down
rule `you` 6 step to the left and 4 steps down
wall 3 step to the left and 4 steps down",left,,0,False
62,"Active rules:
baba is you

Objects on the map:
key 6 step to the left and 2 step up
wall 2 step to the left and 2 step up
rule `is` 2 steps to the right and 2 step up
rule `win` 3 steps to the right and 2 step up
rule `wall` 7 step to the left and 1 step up
wall 2 step to the left and 1 step up
wall 2 step to the left
rule `is` 6 step to the left and 1 step down
wall 2 step to the left and 1 step down
rule `ball` 1 step to the left and 1 step down
door 5 step to the left and 2 steps down
rule `door` 3 step to the left and 2 steps down
wall 2 step to the left and 2 steps down
rule `stop` 6 step to the left and 3 steps down
wall 2 step to the left and 3 steps down
rule `baba` 7 step to the left and 4 steps down
rule `is` 6 step to the left and 4 steps down
rule `you` 5 step to the left and 4 steps down
wall 2 step to the left and 4 steps down",left,,0,False
63,"Active rules:
baba is you

Objects on the map:
key 5 step to the left and 2 step up
wall 1 step to the left and 2 step up
rule `is` 3 steps to the right and 2 step up
rule `win` 4 steps to the right and 2 step up
rule `wall` 6 step to the left and 1 step up
wall 1 step to the left and 1 step up
wall 1 step to the left
rule `is` 5 step to the left and 1 step down
wall 1 step to the left and 1 step down
rule `ball` 1 step down
door 4 step to the left and 2 steps down
rule `door` 2 step to the left and 2 steps down
wall 1 step to the left and 2 steps down
rule `stop` 5 step to the left and 3 steps down
wall 1 step to the left and 3 steps down
rule `baba` 6 step to the left and 4 steps down
rule `is` 5 step to the left and 4 steps down
rule `you` 4 step to the left and 4 steps down
wall 1 step to the left and 4 steps down",left,,0,False
64,"Active rules:
baba is you

Objects on the map:
key 5 step to the left and 3 step up
wall 1 step to the left and 3 step up
rule `is` 3 steps to the right and 3 step up
rule `win` 4 steps to the right and 3 step up
rule `wall` 6 step to the left and 2 step up
wall 1 step to the left and 2 step up
wall 1 step to the left and 1 step up
rule `is` 5 step to the left
wall 1 step to the left
door 4 step to the left and 1 step down
rule `door` 2 step to the left and 1 step down
wall 1 step to the left and 1 step down
rule `ball` 1 step down
rule `stop` 5 step to the left and 2 steps down
wall 1 step to the left and 2 steps down
rule `baba` 6 step to the left and 3 steps down
rule `is` 5 step to the left and 3 steps down
rule `you` 4 step to the left and 3 steps down
wall 1 step to the left and 3 steps down",down,,0,False
65,"Active rules:
baba is you

Objects on the map:
key 4 step to the left and 3 step up
wall 3 step up
rule `is` 4 steps to the right and 3 step up
rule `win` 5 steps to the right and 3 step up
rule `wall` 5 step to the left and 2 step up
wall 2 step up
wall 1 step up
rule `is` 4 step to the left
door 3 step to the left and 1 step down
rule `door` 1 step to the left and 1 step down
wall 1 step down
rule `ball` 1 step to the right and 1 step down
rule `stop` 4 step to the left and 2 steps down
wall 2 steps down
rule `baba` 5 step to the left and 3 steps down
rule `is` 4 step to the left and 3 steps down
rule `you` 3 step to the left and 3 steps down
wall 3 steps down",left,,0,False
66,"Active rules:
baba is you

Objects on the map:
key 4 step to the left and 4 step up
wall 4 step up
rule `is` 4 steps to the right and 4 step up
rule `win` 5 steps to the right and 4 step up
rule `wall` 5 step to the left and 3 step up
wall 3 step up
wall 2 step up
rule `is` 4 step to the left and 1 step up
wall 1 step up
door 3 step to the left
rule `door` 1 step to the left
rule `ball` 1 step to the right
rule `stop` 4 step to the left and 1 step down
wall 1 step down
rule `baba` 5 step to the left and 2 steps down
rule `is` 4 step to the left and 2 steps down
rule `you` 3 step to the left and 2 steps down
wall 2 steps down",down,,0,False
67,"Active rules:
baba is you

Objects on the map:
key 3 step to the left and 4 step up
wall 1 step to the right and 4 step up
rule `is` 5 steps to the right and 4 step up
rule `win` 6 steps to the right and 4 step up
rule `wall` 4 step to the left and 3 step up
wall 1 step to the right and 3 step up
wall 1 step to the right and 2 step up
rule `is` 3 step to the left and 1 step up
wall 1 step to the right and 1 step up
door 2 step to the left
rule `door` 1 step to the left
wall 1 step to the right
rule `ball` 2 steps to the right
rule `stop` 3 step to the left and 1 step down
wall 1 step to the right and 1 step down
rule `baba` 4 step to the left and 2 steps down
rule `is` 3 step to the left and 2 steps down
rule `you` 2 step to the left and 2 steps down
wall 1 step to the right and 2 steps down",left,,0,False
68,"Active rules:
baba is you

Objects on the map:
key 2 step to the left and 4 step up
wall 2 steps to the right and 4 step up
rule `is` 6 steps to the right and 4 step up
rule `win` 7 steps to the right and 4 step up
rule `wall` 3 step to the left and 3 step up
wall 2 steps to the right and 3 step up
wall 2 steps to the right and 2 step up
rule `is` 2 step to the left and 1 step up
wall 2 steps to the right and 1 step up
rule `door` 1 step to the left
wall 2 steps to the right
rule `ball` 3 steps to the right
rule `stop` 2 step to the left and 1 step down
wall 2 steps to the right and 1 step down
rule `baba` 3 step to the left and 2 steps down
rule `is` 2 step to the left and 2 steps down
rule `you` 1 step to the left and 2 steps down
wall 2 steps to the right and 2 steps down",left,,0,False
69,"Active rules:
baba is you

Objects on the map:
key 2 step to the left and 5 step up
wall 2 steps to the right and 5 step up
rule `is` 6 steps to the right and 5 step up
rule `win` 7 steps to the right and 5 step up
rule `wall` 3 step to the left and 4 step up
wall 2 steps to the right and 4 step up
wall 2 steps to the right and 3 step up
rule `is` 2 step to the left and 2 step up
wall 2 steps to the right and 2 step up
rule `door` 1 step to the left and 1 step up
wall 2 steps to the right and 1 step up
rule `ball` 3 steps to the right and 1 step up
rule `stop` 2 step to the left
wall 2 steps to the right
rule `baba` 3 step to the left and 1 step down
rule `is` 2 step to the left and 1 step down
rule `you` 1 step to the left and 1 step down
wall 2 steps to the right and 1 step down",down,,0,False
70,"Active rules:
baba is you

Objects on the map:
key 1 step to the left and 5 step up
wall 3 steps to the right and 5 step up
rule `is` 7 steps to the right and 5 step up
rule `win` 8 steps to the right and 5 step up
rule `wall` 2 step to the left and 4 step up
wall 3 steps to the right and 4 step up
wall 3 steps to the right and 3 step up
rule `is` 1 step to the left and 2 step up
wall 3 steps to the right and 2 step up
rule `door` 1 step up
wall 3 steps to the right and 1 step up
rule `ball` 4 steps to the right and 1 step up
rule `stop` 1 step to the left
wall 3 steps to the right
rule `baba` 2 step to the left and 1 step down
rule `is` 1 step to the left and 1 step down
rule `you` 1 step down
wall 3 steps to the right and 1 step down",left,,0,False
71,"Active rules:
baba is you

Objects on the map:
key 5 step up
wall 4 steps to the right and 5 step up
rule `is` 8 steps to the right and 5 step up
rule `win` 9 steps to the right and 5 step up
rule `wall` 1 step to the left and 4 step up
wall 4 steps to the right and 4 step up
wall 4 steps to the right and 3 step up
rule `is` 2 step up
wall 4 steps to the right and 2 step up
rule `door` 1 step to the right and 1 step up
wall 4 steps to the right and 1 step up
rule `ball` 5 steps to the right and 1 step up
rule `stop` 1 step to the left
wall 4 steps to the right
rule `baba` 1 step to the left and 1 step down
rule `is` 1 step down
rule `you` 1 step to the right and 1 step down
wall 4 steps to the right and 1 step down",left,,0,False
72,"Active rules:
baba is you

Objects on the map:
key 4 step up
wall 4 steps to the right and 4 step up
rule `is` 8 steps to the right and 4 step up
rule `win` 9 steps to the right and 4 step up
rule `wall` 1 step to the left and 3 step up
wall 4 steps to the right and 3 step up
wall 4 steps to the right and 2 step up
rule `is` 1 step up
wall 4 steps to the right and 1 step up
rule `door` 1 step to the right
wall 4 steps to the right
rule `ball` 5 steps to the right
rule `stop` 1 step to the left and 1 step down
wall 4 steps to the right and 1 step down
rule `baba` 1 step to the left and 2 steps down
rule `is` 2 steps down
rule `you` 1 step to the right and 2 steps down
wall 4 steps to the right and 2 steps down",up,,0,False
73,"Active rules:
baba is you

Objects on the map:
key 3 step up
wall 4 steps to the right and 3 step up
rule `is` 8 steps to the right and 3 step up
rule `win` 9 steps to the right and 3 step up
rule `wall` 1 step to the left and 2 step up
wall 4 steps to the right and 2 step up
rule `is` 1 step up
wall 4 steps to the right and 1 step up
wall 4 steps to the right
rule `door` 1 step to the right and 1 step down
wall 4 steps to the right and 1 step down
rule `ball` 5 steps to the right and 1 step down
rule `stop` 1 step to the left and 2 steps down
wall 4 steps to the right and 2 steps down
rule `baba` 1 step to the left and 3 steps down
rule `is` 3 steps down
rule `you` 1 step to the right and 3 steps down
wall 4 steps to the right and 3 steps down",up,,0,False
74,"Active rules:
baba is you

Objects on the map:
key 2 step up
wall 4 steps to the right and 2 step up
rule `is` 8 steps to the right and 2 step up
rule `win` 9 steps to the right and 2 step up
rule `wall` 1 step to the left and 1 step up
rule `is` 1 step up
wall 4 steps to the right and 1 step up
wall 4 steps to the right
wall 4 steps to the right and 1 step down
rule `door` 1 step to the right and 2 steps down
wall 4 steps to the right and 2 steps down
rule `ball` 5 steps to the right and 2 steps down
rule `stop` 1 step to the left and 3 steps down
wall 4 steps to the right and 3 steps down
rule `baba` 1 step to the left and 4 steps down
rule `is` 4 steps down
rule `you` 1 step to the right and 4 steps down
wall 4 steps to the right and 4 steps down",up,,0,False
75,"Active rules:
baba is you

Objects on the map:
rule `is` 1 step up
wall 4 steps to the right and 1 step up
rule `is` 8 steps to the right and 1 step up
rule `win` 9 steps to the right and 1 step up
rule `wall` 1 step to the left
wall 4 steps to the right
wall 4 steps to the right and 1 step down
wall 4 steps to the right and 2 steps down
rule `door` 1 step to the right and 3 steps down
wall 4 steps to the right and 3 steps down
rule `ball` 5 steps to the right and 3 steps down
rule `stop` 1 step to the left and 4 steps down
wall 4 steps to the right and 4 steps down
rule `baba` 1 step to the left and 5 steps down
rule `is` 5 steps down
rule `you` 1 step to the right and 5 steps down
wall 4 steps to the right and 5 steps down",up,,0,False
76,"Active rules:
baba is you

Objects on the map:
rule `is` 1 step to the left and 1 step up
wall 3 steps to the right and 1 step up
rule `is` 7 steps to the right and 1 step up
rule `win` 8 steps to the right and 1 step up
rule `wall` 2 step to the left
wall 3 steps to the right
wall 3 steps to the right and 1 step down
wall 3 steps to the right and 2 steps down
rule `door` 3 steps down
wall 3 steps to the right and 3 steps down
rule `ball` 4 steps to the right and 3 steps down
rule `stop` 2 step to the left and 4 steps down
wall 3 steps to the right and 4 steps down
rule `baba` 2 step to the left and 5 steps down
rule `is` 1 step to the left and 5 steps down
rule `you` 5 steps down
wall 3 steps to the right and 5 steps down",right,,0,False
77,"Active rules:
baba is you

Objects on the map:
rule `is` 2 step to the left and 1 step up
wall 2 steps to the right and 1 step up
rule `is` 6 steps to the right and 1 step up
rule `win` 7 steps to the right and 1 step up
rule `wall` 3 step to the left
wall 2 steps to the right
wall 2 steps to the right and 1 step down
wall 2 steps to the right and 2 steps down
rule `door` 1 step to the left and 3 steps down
wall 2 steps to the right and 3 steps down
rule `ball` 3 steps to the right and 3 steps down
rule `stop` 3 step to the left and 4 steps down
wall 2 steps to the right and 4 steps down
rule `baba` 3 step to the left and 5 steps down
rule `is` 2 step to the left and 5 steps down
rule `you` 1 step to the left and 5 steps down
wall 2 steps to the right and 5 steps down",right,,0,False
78,"Active rules:
baba is you

Objects on the map:
rule `is` 3 step to the left and 1 step up
wall 1 step to the right and 1 step up
rule `is` 5 steps to the right and 1 step up
rule `win` 6 steps to the right and 1 step up
rule `wall` 4 step to the left
wall 1 step to the right
wall 1 step to the right and 1 step down
wall 1 step to the right and 2 steps down
rule `door` 2 step to the left and 3 steps down
wall 1 step to the right and 3 steps down
rule `ball` 2 steps to the right and 3 steps down
rule `stop` 4 step to the left and 4 steps down
wall 1 step to the right and 4 steps down
rule `baba` 4 step to the left and 5 steps down
rule `is` 3 step to the left and 5 steps down
rule `you` 2 step to the left and 5 steps down
wall 1 step to the right and 5 steps down",right,,0,False
79,"Active rules:
baba is you

Objects on the map:
rule `is` 4 step to the left and 1 step up
wall 1 step up
rule `is` 4 steps to the right and 1 step up
rule `win` 5 steps to the right and 1 step up
rule `wall` 5 step to the left
wall 1 step down
wall 2 steps down
rule `door` 3 step to the left and 3 steps down
wall 3 steps down
rule `ball` 1 step to the right and 3 steps down
rule `stop` 5 step to the left and 4 steps down
wall 4 steps down
rule `baba` 5 step to the left and 5 steps down
rule `is` 4 step to the left and 5 steps down
rule `you` 3 step to the left and 5 steps down
wall 5 steps down",right,,0,False
80,"Active rules:
baba is you

Objects on the map:
rule `is` 4 step to the left
rule `is` 4 steps to the right
rule `win` 5 steps to the right
rule `wall` 5 step to the left and 1 step down
wall 1 step down
wall 2 steps down
wall 3 steps down
rule `door` 3 step to the left and 4 steps down
wall 4 steps down
rule `ball` 1 step to the right and 4 steps down
rule `stop` 5 step to the left and 5 steps down
wall 5 steps down
rule `baba` 5 step to the left and 6 steps down
rule `is` 4 step to the left and 6 steps down
rule `you` 3 step to the left and 6 steps down
wall 6 steps down",up,,0,False
81,"Active rules:
baba is you

Objects on the map:
rule `is` 5 step to the left
wall 1 step to the left
rule `is` 3 steps to the right
rule `win` 4 steps to the right
rule `wall` 6 step to the left and 1 step down
wall 1 step to the left and 1 step down
wall 1 step to the left and 2 steps down
wall 1 step to the left and 3 steps down
rule `door` 4 step to the left and 4 steps down
wall 1 step to the left and 4 steps down
rule `ball` 4 steps down
rule `stop` 6 step to the left and 5 steps down
wall 1 step to the left and 5 steps down
rule `baba` 6 step to the left and 6 steps down
rule `is` 5 step to the left and 6 steps down
rule `you` 4 step to the left and 6 steps down
wall 1 step to the left and 6 steps down",right,,0,False
82,"Active rules:
baba is you

Objects on the map:
rule `is` 6 step to the left
wall 2 step to the left
rule `is` 2 steps to the right
rule `win` 3 steps to the right
rule `wall` 7 step to the left and 1 step down
wall 2 step to the left and 1 step down
wall 2 step to the left and 2 steps down
wall 2 step to the left and 3 steps down
rule `door` 5 step to the left and 4 steps down
wall 2 step to the left and 4 steps down
rule `ball` 1 step to the left and 4 steps down
rule `stop` 7 step to the left and 5 steps down
wall 2 step to the left and 5 steps down
rule `baba` 7 step to the left and 6 steps down
rule `is` 6 step to the left and 6 steps down
rule `you` 5 step to the left and 6 steps down
wall 2 step to the left and 6 steps down",right,,0,False
83,"Active rules:
baba is you

Objects on the map:
rule `is` 7 step to the left
wall 3 step to the left
rule `is` 1 step to the right
rule `win` 2 steps to the right
rule `wall` 8 step to the left and 1 step down
wall 3 step to the left and 1 step down
wall 3 step to the left and 2 steps down
wall 3 step to the left and 3 steps down
rule `door` 6 step to the left and 4 steps down
wall 3 step to the left and 4 steps down
rule `ball` 2 step to the left and 4 steps down
rule `stop` 8 step to the left and 5 steps down
wall 3 step to the left and 5 steps down
rule `baba` 8 step to the left and 6 steps down
rule `is` 7 step to the left and 6 steps down
rule `you` 6 step to the left and 6 steps down
wall 3 step to the left and 6 steps down",right,,0,False
84,"Active rules:
baba is you

Objects on the map:
rule `is` 7 step to the left
wall 3 step to the left
rule `is` 1 step to the right
rule `win` 2 steps to the right
rule `wall` 8 step to the left and 1 step down
wall 3 step to the left and 1 step down
wall 3 step to the left and 2 steps down
wall 3 step to the left and 3 steps down
rule `door` 6 step to the left and 4 steps down
wall 3 step to the left and 4 steps down
rule `ball` 2 step to the left and 4 steps down
rule `stop` 8 step to the left and 5 steps down
wall 3 step to the left and 5 steps down
rule `baba` 8 step to the left and 6 steps down
rule `is` 7 step to the left and 6 steps down
rule `you` 6 step to the left and 6 steps down
wall 3 step to the left and 6 steps down",right,,0,False
85,"Active rules:
baba is you

Objects on the map:
rule `is` 7 step to the left
wall 3 step to the left
rule `is` 1 step to the right
rule `win` 2 steps to the right
rule `wall` 8 step to the left and 1 step down
wall 3 step to the left and 1 step down
wall 3 step to the left and 2 steps down
wall 3 step to the left and 3 steps down
rule `door` 6 step to the left and 4 steps down
wall 3 step to the left and 4 steps down
rule `ball` 2 step to the left and 4 steps down
rule `stop` 8 step to the left and 5 steps down
wall 3 step to the left and 5 steps down
rule `baba` 8 step to the left and 6 steps down
rule `is` 7 step to the left and 6 steps down
rule `you` 6 step to the left and 6 steps down
wall 3 step to the left and 6 steps down",right,,0,False
86,"Active rules:
baba is you

Objects on the map:
rule `is` 7 step to the left and 1 step up
wall 3 step to the left and 1 step up
rule `is` 1 step to the right and 1 step up
rule `win` 2 steps to the right and 1 step up
rule `wall` 8 step to the left
wall 3 step to the left
wall 3 step to the left and 1 step down
wall 3 step to the left and 2 steps down
rule `door` 6 step to the left and 3 steps down
wall 3 step to the left and 3 steps down
rule `ball` 2 step to the left and 3 steps down
rule `stop` 8 step to the left and 4 steps down
wall 3 step to the left and 4 steps down
rule `baba` 8 step to the left and 5 steps down
rule `is` 7 step to the left and 5 steps down
rule `you` 6 step to the left and 5 steps down
wall 3 step to the left and 5 steps down",down,,0,False
87,"Active rules:
baba is you

Objects on the map:
rule `is` 8 step to the left and 1 step up
wall 4 step to the left and 1 step up
rule `is` 1 step up
rule `win` 1 step to the right and 1 step up
rule `wall` 9 step to the left
wall 4 step to the left
wall 4 step to the left and 1 step down
wall 4 step to the left and 2 steps down
rule `door` 7 step to the left and 3 steps down
wall 4 step to the left and 3 steps down
rule `ball` 3 step to the left and 3 steps down
rule `stop` 9 step to the left and 4 steps down
wall 4 step to the left and 4 steps down
rule `baba` 9 step to the left and 5 steps down
rule `is` 8 step to the left and 5 steps down
rule `you` 7 step to the left and 5 steps down
wall 4 step to the left and 5 steps down",right,,0,False
88,"Active rules:
baba is you

Objects on the map:
rule `is` 8 step to the left and 1 step up
wall 4 step to the left and 1 step up
rule `is` 1 step up
rule `win` 1 step to the right and 1 step up
rule `wall` 9 step to the left
wall 4 step to the left
wall 4 step to the left and 1 step down
wall 4 step to the left and 2 steps down
rule `door` 7 step to the left and 3 steps down
wall 4 step to the left and 3 steps down
rule `ball` 3 step to the left and 3 steps down
rule `stop` 9 step to the left and 4 steps down
wall 4 step to the left and 4 steps down
rule `baba` 9 step to the left and 5 steps down
rule `is` 8 step to the left and 5 steps down
rule `you` 7 step to the left and 5 steps down
wall 4 step to the left and 5 steps down",up,,0,False
89,"Active rules:
baba is you

Objects on the map:
rule `is` 9 step to the left and 1 step up
wall 5 step to the left and 1 step up
rule `is` 1 step to the left and 1 step up
rule `win` 1 step up
rule `wall` 10 step to the left
wall 5 step to the left
wall 5 step to the left and 1 step down
wall 5 step to the left and 2 steps down
rule `door` 8 step to the left and 3 steps down
wall 5 step to the left and 3 steps down
rule `ball` 4 step to the left and 3 steps down
rule `stop` 10 step to the left and 4 steps down
wall 5 step to the left and 4 steps down
rule `baba` 10 step to the left and 5 steps down
rule `is` 9 step to the left and 5 steps down
rule `you` 8 step to the left and 5 steps down
wall 5 step to the left and 5 steps down",right,,0,False
90,"Active rules:
baba is you

Objects on the map:
rule `is` 9 step to the left and 1 step up
wall 5 step to the left and 1 step up
rule `is` 1 step to the left and 1 step up
rule `win` 1 step up
rule `wall` 10 step to the left
wall 5 step to the left
wall 5 step to the left and 1 step down
wall 5 step to the left and 2 steps down
rule `door` 8 step to the left and 3 steps down
wall 5 step to the left and 3 steps down
rule `ball` 4 step to the left and 3 steps down
rule `stop` 10 step to the left and 4 steps down
wall 5 step to the left and 4 steps down
rule `baba` 10 step to the left and 5 steps down
rule `is` 9 step to the left and 5 steps down
rule `you` 8 step to the left and 5 steps down
wall 5 step to the left and 5 steps down",up,,0,False
91,"Active rules:
baba is you

Objects on the map:
rule `is` 9 step to the left and 1 step up
wall 5 step to the left and 1 step up
rule `is` 1 step to the left and 1 step up
rule `win` 1 step up
rule `wall` 10 step to the left
wall 5 step to the left
wall 5 step to the left and 1 step down
wall 5 step to the left and 2 steps down
rule `door` 8 step to the left and 3 steps down
wall 5 step to the left and 3 steps down
rule `ball` 4 step to the left and 3 steps down
rule `stop` 10 step to the left and 4 steps down
wall 5 step to the left and 4 steps down
rule `baba` 10 step to the left and 5 steps down
rule `is` 9 step to the left and 5 steps down
rule `you` 8 step to the left and 5 steps down
wall 5 step to the left and 5 steps down",right,,0,False
92,"Active rules:
baba is you

Objects on the map:
rule `is` 9 step to the left and 1 step up
wall 5 step to the left and 1 step up
rule `is` 1 step to the left and 1 step up
rule `win` 1 step up
rule `wall` 10 step to the left
wall 5 step to the left
wall 5 step to the left and 1 step down
wall 5 step to the left and 2 steps down
rule `door` 8 step to the left and 3 steps down
wall 5 step to the left and 3 steps down
rule `ball` 4 step to the left and 3 steps down
rule `stop` 10 step to the left and 4 steps down
wall 5 step to the left and 4 steps down
rule `baba` 10 step to the left and 5 steps down
rule `is` 9 step to the left and 5 steps down
rule `you` 8 step to the left and 5 steps down
wall 5 step to the left and 5 steps down",up,,0,False
93,"Active rules:
baba is you

Objects on the map:
rule `is` 8 step to the left and 1 step up
wall 4 step to the left and 1 step up
rule `is` 1 step up
rule `win` 1 step to the right and 1 step up
rule `wall` 9 step to the left
wall 4 step to the left
wall 4 step to the left and 1 step down
wall 4 step to the left and 2 steps down
rule `door` 7 step to the left and 3 steps down
wall 4 step to the left and 3 steps down
rule `ball` 3 step to the left and 3 steps down
rule `stop` 9 step to the left and 4 steps down
wall 4 step to the left and 4 steps down
rule `baba` 9 step to the left and 5 steps down
rule `is` 8 step to the left and 5 steps down
rule `you` 7 step to the left and 5 steps down
wall 4 step to the left and 5 steps down",left,,0,False
94,"Active rules:
baba is you

Objects on the map:
rule `is` 7 step to the left and 1 step up
wall 3 step to the left and 1 step up
rule `is` 1 step to the right and 1 step up
rule `win` 2 steps to the right and 1 step up
rule `wall` 8 step to the left
wall 3 step to the left
wall 3 step to the left and 1 step down
wall 3 step to the left and 2 steps down
rule `door` 6 step to the left and 3 steps down
wall 3 step to the left and 3 steps down
rule `ball` 2 step to the left and 3 steps down
rule `stop` 8 step to the left and 4 steps down
wall 3 step to the left and 4 steps down
rule `baba` 8 step to the left and 5 steps down
rule `is` 7 step to the left and 5 steps down
rule `you` 6 step to the left and 5 steps down
wall 3 step to the left and 5 steps down",left,,0,False
95,"Active rules:
baba is you

Objects on the map:
rule `is` 7 step to the left and 2 step up
wall 3 step to the left and 2 step up
rule `is` 1 step to the right and 2 step up
rule `win` 2 steps to the right and 2 step up
rule `wall` 8 step to the left and 1 step up
wall 3 step to the left and 1 step up
wall 3 step to the left
wall 3 step to the left and 1 step down
rule `door` 6 step to the left and 2 steps down
wall 3 step to the left and 2 steps down
rule `ball` 2 step to the left and 2 steps down
rule `stop` 8 step to the left and 3 steps down
wall 3 step to the left and 3 steps down
rule `baba` 8 step to the left and 4 steps down
rule `is` 7 step to the left and 4 steps down
rule `you` 6 step to the left and 4 steps down
wall 3 step to the left and 4 steps down",down,,0,False
96,"Active rules:
baba is you

Objects on the map:
rule `is` 6 step to the left and 2 step up
wall 2 step to the left and 2 step up
rule `is` 2 steps to the right and 2 step up
rule `win` 3 steps to the right and 2 step up
rule `wall` 7 step to the left and 1 step up
wall 2 step to the left and 1 step up
wall 2 step to the left
wall 2 step to the left and 1 step down
rule `door` 5 step to the left and 2 steps down
wall 2 step to the left and 2 steps down
rule `ball` 1 step to the left and 2 steps down
rule `stop` 7 step to the left and 3 steps down
wall 2 step to the left and 3 steps down
rule `baba` 7 step to the left and 4 steps down
rule `is` 6 step to the left and 4 steps down
rule `you` 5 step to the left and 4 steps down
wall 2 step to the left and 4 steps down",left,,0,False
97,"Active rules:
baba is you

Objects on the map:
rule `is` 5 step to the left and 2 step up
wall 1 step to the left and 2 step up
rule `is` 3 steps to the right and 2 step up
rule `win` 4 steps to the right and 2 step up
rule `wall` 6 step to the left and 1 step up
wall 1 step to the left and 1 step up
wall 1 step to the left
wall 1 step to the left and 1 step down
rule `door` 4 step to the left and 2 steps down
wall 1 step to the left and 2 steps down
rule `ball` 2 steps down
rule `stop` 6 step to the left and 3 steps down
wall 1 step to the left and 3 steps down
rule `baba` 6 step to the left and 4 steps down
rule `is` 5 step to the left and 4 steps down
rule `you` 4 step to the left and 4 steps down
wall 1 step to the left and 4 steps down",left,,0,False
98,"Active rules:
baba is you

Objects on the map:
rule `is` 5 step to the left and 3 step up
wall 1 step to the left and 3 step up
rule `is` 3 steps to the right and 3 step up
rule `win` 4 steps to the right and 3 step up
rule `wall` 6 step to the left and 2 step up
wall 1 step to the left and 2 step up
wall 1 step to the left and 1 step up
wall 1 step to the left
rule `door` 4 step to the left and 1 step down
wall 1 step to the left and 1 step down
rule `ball` 1 step down
rule `stop` 6 step to the left and 2 steps down
wall 1 step to the left and 2 steps down
rule `baba` 6 step to the left and 3 steps down
rule `is` 5 step to the left and 3 steps down
rule `you` 4 step to the left and 3 steps down
wall 1 step to the left and 3 steps down",down,,0,False
99,"Active rules:
baba is you

Objects on the map:
rule `is` 5 step to the left and 4 step up
wall 1 step to the left and 4 step up
rule `is` 3 steps to the right and 4 step up
rule `win` 4 steps to the right and 4 step up
rule `wall` 6 step to the left and 3 step up
wall 1 step to the left and 3 step up
wall 1 step to the left and 2 step up
wall 1 step to the left and 1 step up
rule `door` 4 step to the left
wall 1 step to the left
rule `stop` 6 step to the left and 1 step down
wall 1 step to the left and 1 step down
rule `ball` 1 step down
rule `baba` 6 step to the left and 2 steps down
rule `is` 5 step to the left and 2 steps down
rule `you` 4 step to the left and 2 steps down
wall 1 step to the left and 2 steps down",down,,0,True
